2266 1 5
2266 2 379
2266 3 5022
2266 4 8715
2266 5 3112
2266 6 735
2266 7 116
2266 8 31
2266 9 4
9610 1 8
9610 2 91
9610 3 3098
9610 4 9078
9610 5 4471
9610 6 1113
9610 7 210
9610 8 43
9610 9 6
9610 10 1
12054 1 7
12054 2 157
12054 3 1182
12054 4 9869
12054 5 5608
12054 6 1093
12054 7 180
12054 8 20
12054 9 3
4118 1 7
4118 2 987
4118 3 6771
4118 4 7427
4118 5 2306
4118 6 503
4118 7 93
4118 8 22
4118 9 3
10221 1 5
10221 2 74
10221 3 829
10221 4 8495
10221 5 6759
10221 6 1596
10221 7 311
10221 8 43
10221 9 6
10221 10 1
4028 1 8
4028 2 79
4028 3 2228
4028 4 8297
4028 5 5649
4028 6 1480
4028 7 297
4028 8 64
4028 9 16
4028 10 1
11656 1 7
11656 2 211
11656 3 2027
11656 4 9672
11656 5 4304
11656 6 1498
11656 7 325
11656 8 60
11656 9 14
11656 10 1
6610 1 11
6610 2 67
6610 3 565
6610 4 6981
6610 5 8141
6610 6 1986
6610 7 309
6610 8 45
6610 9 13
6610 10 1
15561 1 3
15561 2 42
15561 3 863
15561 4 7047
15561 5 8179
15561 6 1685
15561 7 263
15561 8 31
15561 9 5
15561 10 1
9435 1 14
9435 2 2368
9435 3 4900
9435 4 8040
9435 5 2208
9435 6 465
9435 7 96
9435 8 25
9435 9 3
8208 1 10
8208 2 1745
8208 3 7708
8208 4 6462
8208 5 1735
8208 6 364
8208 7 74
8208 8 21
13820 1 2
13820 2 15
13820 3 688
13820 4 5146
13820 5 8588
13820 6 2936
13820 7 589
13820 8 127
13820 9 23
13820 10 4
13820 11 1
16634 1 11
16634 2 2305
16634 3 5012
16634 4 7986
16634 5 2220
16634 6 466
16634 7 94
16634 8 22
16634 9 3
1838 1 13
1838 2 844
1838 3 6632
1838 4 7971
1838 5 2130
1838 6 433
1838 7 76
1838 8 18
1838 9 2
10673 1 80
10673 2 1062
10673 3 8514
10673 4 5968
10673 5 1959
10673 6 441
10673 7 78
10673 8 16
10673 9 1
18512 1 2
18512 2 60
18512 3 2098
18512 4 8575
18512 5 5625
18512 6 1404
18512 7 283
18512 8 61
18512 9 10
18512 10 1
6407 1 12
6407 2 526
6407 3 3090
6407 4 10583
6407 5 3299
6407 6 524
6407 7 75
6407 8 7
6407 9 3
2376 1 14
2376 2 140
2376 3 4215
2376 4 9347
2376 5 3553
2376 6 701
2376 7 119
2376 8 25
2376 9 5
2222 1 14
2222 2 391
2222 3 5644
2222 4 8166
2222 5 3010
2222 6 733
2222 7 130
2222 8 28
2222 9 3
14108 1 44
14108 2 1400
14108 3 5927
14108 4 7535
14108 5 2501
14108 6 560
14108 7 115
14108 8 31
14108 9 6
2695 1 9
2695 2 1001
2695 3 5064
2695 4 8590
2695 5 2748
2695 6 567
2695 7 107
2695 8 27
2695 9 6
5825 1 13
5825 2 112
5825 3 1127
5825 4 8438
5825 5 7047
5825 6 1206
5825 7 151
5825 8 20
5825 9 4
5825 10 1
2564 1 15
2564 2 300
2564 3 4732
2564 4 9937
2564 5 2609
2564 6 451
2564 7 62
2564 8 12
2564 9 1
13405 1 19
13405 2 357
13405 3 4420
13405 4 8864
13405 5 3527
13405 6 756
13405 7 137
13405 8 34
13405 9 5
17989 1 2
17989 2 52
17989 3 897
17989 4 7030
17989 5 7855
17989 6 1821
17989 7 378
17989 8 71
17989 9 10
17989 10 3
17430 1 2
17430 2 38
17430 3 790
17430 4 7934
17430 5 6561
17430 6 2175
17430 7 494
17430 8 99
17430 9 22
17430 10 4
9007 1 3
9007 2 26
9007 3 399
9007 4 5667
9007 5 7856
9007 6 3184
9007 7 781
9007 8 160
9007 9 39
9007 10 4
18206 1 2
18206 2 195
18206 3 1974
18206 4 10507
18206 5 4226
18206 6 999
18206 7 187
18206 8 27
18206 9 2
10939 1 8
10939 2 134
10939 3 4215
10939 4 8534
10939 5 3983
10939 6 982
10939 7 206
10939 8 51
10939 9 6
17023 1 3
17023 2 1481
17023 3 4822
17023 4 8144
17023 5 2873
17023 6 639
17023 7 122
17023 8 30
17023 9 5
17350 1 2
17350 2 98
17350 3 2019
17350 4 9197
17350 5 4951
17350 6 1453
17350 7 320
17350 8 64
17350 9 15
12470 1 3
12470 2 140
12470 3 1677
12470 4 9277
12470 5 5139
12470 6 1505
12470 7 310
12470 8 59
12470 9 9
11949 1 28
11949 2 1350
11949 3 7684
11949 4 6898
11949 5 1733
11949 6 338
11949 7 72
11949 8 13
11949 9 3
10126 1 6
10126 2 190
10126 3 2817
10126 4 10227
10126 5 3785
10126 6 888
10126 7 159
10126 8 39
10126 9 8
11606 1 4
11606 2 14
11606 3 97
11606 4 907
11606 5 8679
11606 6 7053
11606 7 1196
11606 8 145
11606 9 23
11606 10 1
2088 1 43
2088 2 1392
2088 3 8088
2088 4 6202
2088 5 1880
2088 6 416
2088 7 78
2088 8 18
2088 9 2
7810 1 4
7810 2 66
7810 3 1342
7810 4 9709
7810 5 5557
7810 6 1180
7810 7 216
7810 8 36
7810 9 8
7810 10 1
13758 1 1
13758 2 23
13758 3 528
13758 4 7190
13758 5 7028
13758 6 2596
13758 7 611
13758 8 112
13758 9 25
13758 10 5
2183 1 10
2183 2 108
2183 3 2703
2183 4 8825
2183 5 5085
2183 6 1123
2183 7 211
2183 8 43
2183 9 10
2183 10 1
8743 1 19
8743 2 2194
8743 3 6053
8743 4 6962
8743 5 2209
8743 6 538
8743 7 110
8743 8 29
8743 9 5
8102 1 14
8102 2 1575
8102 3 6433
8102 4 7030
8102 5 2397
8102 6 527
8102 7 108
8102 8 32
8102 9 3
2495 1 13
2495 2 633
2495 3 5723
2495 4 8921
2495 5 2341
2495 6 410
2495 7 63
2495 8 13
2495 9 2
11746 1 3
11746 2 72
11746 3 570
11746 4 6844
11746 5 7828
11746 6 2205
11746 7 493
11746 8 90
11746 9 14
17842 1 26
17842 2 1511
17842 3 7534
17842 4 6464
17842 5 2025
17842 6 457
17842 7 83
17842 8 18
17842 9 1
1716 1 30
1716 2 323
1716 3 5196
1716 4 8473
1716 5 3224
1716 6 705
1716 7 132
1716 8 31
1716 9 5
6540 1 5
6540 2 75
6540 3 804
6540 4 6110
6540 5 8939
6540 6 1908
6540 7 235
6540 8 40
6540 9 2
6540 10 1
7710 1 10
7710 2 1415
7710 3 7151
7710 4 7419
7710 5 1683
7710 6 353
7710 7 72
7710 8 16
15272 1 9
15272 2 66
15272 3 910
15272 4 6393
15272 5 8766
15272 6 1733
15272 7 207
15272 8 28
15272 9 4
15272 10 2
15272 11 1
8422 1 1
8422 2 91
8422 3 2267
8422 4 7363
8422 5 6135
8422 6 1797
8422 7 375
8422 8 74
8422 9 12
8422 10 4
5670 1 3
5670 2 2
5670 3 5
5670 4 675
5670 5 4488
5670 6 9489
5670 7 2672
5670 8 653
5670 9 109
5670 10 22
5670 11 1
9230 1 7
9230 2 697
9230 3 4847
9230 4 8751
9230 5 2857
9230 6 777
9230 7 144
9230 8 33
9230 9 6
11006 1 3
11006 2 273
11006 3 2497
11006 4 9877
11006 5 3970
11006 6 1208
11006 7 231
11006 8 52
11006 9 7
11006 10 1
18151 1 3
18151 2 105
18151 3 779
18151 4 5704
18151 5 9117
18151 6 2086
18151 7 277
18151 8 43
18151 9 2
18151 10 2
18151 11 1
1026 1 20
1026 2 362
1026 3 3515
1026 4 10124
1026 5 3374
1026 6 607
1026 7 100
1026 8 16
1026 9 1
10708 1 3
10708 2 51
10708 3 879
10708 4 5788
10708 5 9112
10708 6 1857
10708 7 367
10708 8 49
10708 9 12
10708 10 1
1866 1 5
1866 2 19
1866 3 1437
1866 4 7440
1866 5 7267
1866 6 1567
1866 7 316
1866 8 58
1866 9 10
3031 1 10
3031 2 223
3031 3 3647
3031 4 9218
3031 5 3714
3031 6 1069
3031 7 188
3031 8 37
3031 9 13
8723 1 26
8723 2 1682
8723 3 4923
8723 4 8014
8723 5 2713
8723 6 602
8723 7 126
8723 8 28
8723 9 4
8723 10 1
10906 1 6
10906 2 687
10906 3 5730
10906 4 8291
10906 5 2632
10906 6 628
10906 7 112
10906 8 27
10906 9 6
13495 1 10
13495 2 1981
13495 3 5787
13495 4 7450
13495 5 2233
13495 6 537
13495 7 94
13495 8 22
13495 9 5
16301 1 1
16301 2 4
16301 3 1
16301 4 55
16301 5 578
16301 6 5179
16301 7 9352
16301 8 2513
16301 9 370
16301 10 59
16301 11 4
16301 12 2
16301 13 1
1917 1 2
1917 2 144
1917 3 2050
1917 4 10055
1917 5 4377
1917 6 1200
1917 7 235
1917 8 46
1917 9 10
10473 1 7
10473 2 108
10473 3 1456
10473 4 8542
10473 5 6698
10473 6 1106
10473 7 171
10473 8 26
10473 9 4
10473 10 1
12786 1 6
12786 2 43
12786 3 376
12786 4 4287
12786 5 10006
12786 6 2950
12786 7 390
12786 8 50
12786 9 10
12786 10 1
10409 1 9
10409 2 216
10409 3 2265
10409 4 8999
10409 5 4778
10409 6 1463
10409 7 308
10409 8 63
10409 9 16
10409 10 2
12102 1 25
12102 2 1123
12102 3 6218
12102 4 7708
12102 5 2304
12102 6 601
12102 7 113
12102 8 25
12102 9 2
18229 1 6
18229 2 91
18229 3 858
18229 4 6366
18229 5 7998
18229 6 2310
18229 7 390
18229 8 84
18229 9 14
18229 10 2
6690 1 13
6690 2 115
6690 3 966
6690 4 6345
6690 5 8085
6690 6 2206
6690 7 318
6690 8 60
6690 9 10
6690 10 1
8265 1 8
8265 2 126
8265 3 2489
8265 4 9503
8265 5 4696
8265 6 1055
8265 7 200
8265 8 38
8265 9 4
8092 1 16
8092 2 430
8092 3 4527
8092 4 8995
8092 5 3193
8092 6 766
8092 7 152
8092 8 36
8092 9 4
1870 1 6
1870 2 92
1870 3 2344
1870 4 9082
1870 5 5166
1870 6 1163
1870 7 217
1870 8 42
1870 9 7
8082 1 14
8082 2 113
8082 3 1408
8082 4 8132
8082 5 6257
8082 6 1723
8082 7 382
8082 8 76
8082 9 14
12199 1 122
12199 2 2689
12199 3 7772
12199 4 5521
12199 5 1588
12199 6 331
12199 7 79
12199 8 15
12199 9 2
9599 1 8
9599 2 128
9599 3 2016
9599 4 9373
9599 5 4552
9599 6 1621
9599 7 348
9599 8 61
9599 9 12
14491 1 3
14491 2 23
14491 3 512
14491 4 6662
14491 5 7883
14491 6 2413
14491 7 515
14491 8 78
14491 9 26
14491 10 4
15523 1 2
15523 2 97
15523 3 2071
15523 4 8306
15523 5 5888
15523 6 1412
15523 7 268
15523 8 57
15523 9 16
15523 10 2
4980 1 24
4980 2 408
4980 3 5484
4980 4 8694
4980 5 2746
4980 6 624
4980 7 116
4980 8 22
4980 9 1
6556 1 43
6556 2 342
6556 3 6400
6556 4 7631
6556 5 2806
6556 6 718
6556 7 142
6556 8 31
6556 9 6
16395 1 2
16395 2 12
16395 3 637
16395 4 5756
16395 5 8733
16395 6 2375
16395 7 504
16395 8 80
16395 9 19
16395 10 1
13864 1 1
13864 2 2
13864 3 1
7625 1 6
7625 2 56
7625 3 309
7625 4 4925
7625 5 9822
7625 6 2611
7625 7 336
7625 8 46
7625 9 7
7625 10 1
10432 1 3
10432 2 54
10432 3 1544
10432 4 8563
10432 5 5452
10432 6 1969
10432 7 428
10432 8 85
10432 9 19
10432 10 2
3461 1 26
3461 2 1558
3461 3 4913
3461 4 8141
3461 5 2701
3461 6 614
3461 7 127
3461 8 31
3461 9 8
6211 1 6
6211 2 30
6211 3 469
6211 4 5833
6211 5 8967
6211 6 2353
6211 7 378
6211 8 68
6211 9 13
6211 10 2
9080 1 2
9080 2 25
9080 3 1074
9080 4 8447
9080 5 6258
9080 6 1816
9080 7 405
9080 8 75
9080 9 14
9080 10 3
263 1 12
263 2 85
263 3 2092
263 4 9498
263 5 5135
263 6 1070
263 7 176
263 8 42
263 9 7
263 10 2
5210 1 14
5210 2 679
5210 3 6585
5210 4 7858
5210 5 2293
5210 6 558
5210 7 113
5210 8 18
5210 9 1
4753 1 5
4753 2 67
4753 3 1253
4753 4 7954
4753 5 6304
4753 6 1944
4753 7 475
4753 8 94
4753 9 21
4753 10 2
18461 1 9
18461 2 366
18461 3 3915
18461 4 9066
18461 5 3580
18461 6 934
18461 7 199
18461 8 41
18461 9 9
13058 1 2
13058 2 202
13058 3 3525
13058 4 9186
13058 5 4267
13058 6 766
13058 7 137
13058 8 27
13058 9 6
13058 10 1
6296 1 1
6296 2 4
6296 3 56
6296 4 413
6296 5 3814
6296 6 9729
6296 7 3537
6296 8 492
6296 9 61
6296 10 11
6296 11 1
12900 1 9
12900 2 683
12900 3 4530
12900 4 9927
12900 5 2463
12900 6 442
12900 7 56
12900 8 8
12900 9 1
11866 1 8
11866 2 104
11866 3 1718
11866 4 9890
11866 5 4905
11866 6 1231
11866 7 207
11866 8 46
11866 9 10
2790 1 33
2790 2 986
2790 3 6695
2790 4 7627
2790 5 2107
2790 6 548
2790 7 98
2790 8 22
2790 9 3
18659 1 3
18659 2 22
18659 3 314
18659 4 5297
18659 5 8641
18659 6 2914
18659 7 763
18659 8 134
18659 9 26
18659 10 5
5209 1 29
5209 2 3105
5209 3 7570
5209 4 5462
5209 5 1532
5209 6 328
5209 7 74
5209 8 18
5209 9 1
9642 1 3
9642 2 37
9642 3 2947
9642 4 8356
9642 5 4994
9642 6 1391
9642 7 311
9642 8 63
9642 9 16
9642 10 1
2943 1 2
2943 2 60
2943 3 309
2943 4 6440
2943 5 8706
2943 6 2145
2943 7 375
2943 8 68
2943 9 13
2943 10 1
16573 1 2
16573 2 41
16573 3 203
16573 4 2285
16573 5 9880
16573 6 4827
16573 7 759
16573 8 106
16573 9 11
16573 10 4
16573 11 1
16284 1 2
16284 2 28
16284 3 2940
16284 4 7136
16284 5 5738
16284 6 1762
16284 7 396
16284 8 92
16284 9 20
16284 10 5
13076 1 4
13076 2 204
13076 3 2423
13076 4 10238
13076 5 4141
13076 6 925
13076 7 156
13076 8 25
13076 9 2
13076 10 1
9145 1 16
9145 2 2326
9145 3 5066
9145 4 7819
9145 5 2267
9145 6 496
9145 7 101
9145 8 25
9145 9 3
1534 1 45
1534 2 1235
1534 3 7856
1534 4 6607
1534 5 1914
1534 6 366
1534 7 75
1534 8 17
1534 9 4
8961 1 3
8961 2 5
8961 3 1035
8961 4 6107
8961 5 8168
8961 6 2199
8961 7 481
8961 8 100
8961 9 20
8961 10 1
5837 1 57
5837 2 581
5837 3 5180
5837 4 9352
5837 5 2513
5837 6 370
5837 7 59
5837 8 4
5837 9 2
5837 10 1
1335 1 40
1335 2 1699
1335 3 8963
1335 4 5767
1335 5 1323
1335 6 274
1335 7 43
1335 8 10
18359 1 2
18359 2 10
18359 3 90
18359 4 592
18359 5 6250
18359 6 9067
18359 7 1777
18359 8 287
18359 9 35
18359 10 8
18359 11 1
8972 1 43
8972 2 2601
8972 3 6963
8972 4 6186
8972 5 1806
8972 6 416
8972 7 81
8972 8 19
8972 9 4
18552 1 9
18552 2 518
18552 3 5208
18552 4 7938
18552 5 3254
18552 6 940
18552 7 203
18552 8 44
18552 9 5
3887 1 19
3887 2 711
3887 3 4301
3887 4 9056
3887 5 3024
3887 6 809
3887 7 154
3887 8 39
3887 9 6
8543 1 17
8543 2 603
8543 3 5838
8543 4 7961
8543 5 2900
8543 6 654
8543 7 118
8543 8 27
8543 9 1
17338 1 1
17338 2 108
17338 3 1291
17338 4 9268
17338 5 5806
17338 6 1316
17338 7 274
17338 8 45
17338 9 9
17338 10 1
16682 1 9
16682 2 605
16682 3 5561
16682 4 8323
16682 5 2725
16682 6 719
16682 7 141
16682 8 32
16682 9 4
16692 1 8
16692 2 745
16692 3 5007
16692 4 8393
16692 5 3086
16692 6 702
16692 7 129
16692 8 42
16692 9 6
16692 10 1
3101 1 23
3101 2 783
3101 3 6649
3101 4 7992
3101 5 2163
3101 6 421
3101 7 71
3101 8 17
4385 1 19
4385 2 467
4385 3 6801
4385 4 7340
4385 5 2662
4385 6 666
4385 7 129
4385 8 30
4385 9 5
15175 1 1
15175 2 16
15175 3 173
15175 4 5909
15175 5 7223
15175 6 3489
15175 7 1036
15175 8 201
15175 9 55
15175 10 15
15175 11 1
3540 1 4
3540 2 1236
3540 3 3448
3540 4 8592
3540 5 3713
3540 6 904
3540 7 169
3540 8 45
3540 9 6
3540 10 2
9152 1 5
9152 2 144
9152 3 1845
9152 4 9622
9152 5 4507
9152 6 1586
9152 7 334
9152 8 63
9152 9 13
10618 1 3
10618 2 36
10618 3 261
10618 4 3125
10618 5 9957
10618 6 3954
10618 7 647
10618 8 113
10618 9 16
10618 10 6
10618 11 1
8760 1 11
8760 2 527
8760 3 6178
8760 4 7667
8760 5 2828
8760 6 737
8760 7 130
8760 8 35
8760 9 6
12289 1 6
12289 2 177
12289 3 3029
12289 4 9902
12289 5 3935
12289 6 887
12289 7 156
12289 8 23
12289 9 4
4536 1 4
4536 2 6
4536 3 10
4536 4 1232
4536 5 6074
4536 6 7487
4536 7 2579
4536 8 579
4536 9 115
4536 10 28
4536 11 5
14412 1 8
14412 2 188
14412 3 3732
14412 4 8987
14412 5 3690
14412 6 1206
14412 7 246
14412 8 52
14412 9 10
6053 1 1
6053 2 1
6053 3 2
6053 4 20
6053 5 155
6053 6 4105
6053 7 8318
6053 8 4462
6053 9 856
6053 10 153
6053 11 37
6053 12 7
6053 13 2
3901 1 12
3901 2 2215
3901 3 5967
3901 4 7225
3901 5 2130
3901 6 454
3901 7 88
3901 8 22
3901 9 6
14107 1 1
14107 2 1
14107 3 2
14107 4 53
14107 5 1276
14107 6 7694
14107 7 6606
14107 8 1919
14107 9 454
14107 10 88
14107 11 22
14107 12 3
10282 1 7
10282 2 113
10282 3 1488
10282 4 7586
10282 5 6378
10282 6 1957
10282 7 488
10282 8 79
10282 9 20
10282 10 3
4804 1 21
4804 2 1743
4804 3 7199
4804 4 6710
4804 5 1920
4804 6 419
4804 7 87
4804 8 19
4804 9 1
9743 1 67
9743 2 883
9743 3 8599
9743 4 5863
9743 5 2098
9743 6 490
9743 7 95
9743 8 22
9743 9 2
7981 1 32
7981 2 1102
7981 3 8010
7981 4 6170
7981 5 2148
7981 6 542
7981 7 94
7981 8 21
2807 1 222
2807 2 1629
2807 3 10214
2807 4 4127
2807 5 1509
2807 6 327
2807 7 75
2807 8 15
2807 9 1
6879 1 4
6879 2 60
6879 3 2002
6879 4 6270
6879 5 7539
6879 6 1813
6879 7 346
6879 8 66
6879 9 17
6879 10 2
10873 1 8
10873 2 176
10873 3 1183
10873 4 8997
10873 5 5576
10873 6 1720
10873 7 372
10873 8 70
10873 9 16
10873 10 1
12425 1 3
12425 2 1222
12425 3 6114
12425 4 7994
12425 5 2174
12425 6 493
12425 7 95
12425 8 24
10575 1 5
10575 2 29
10575 3 581
10575 4 3279
10575 5 10504
10575 6 3215
10575 7 437
10575 8 60
10575 9 4
10575 10 4
10575 11 1
2617 1 6
2617 2 450
2617 3 4726
2617 4 8645
2617 5 3273
2617 6 829
2617 7 146
2617 8 37
2617 9 7
691 1 7
691 2 833
691 3 6279
691 4 8510
691 5 2037
691 6 392
691 7 51
691 8 9
691 9 1
542 1 56
542 2 1377
542 3 8407
542 4 5832
542 5 1914
542 6 422
542 7 87
542 8 22
542 9 2
7372 1 2
7372 2 28
7372 3 674
7372 4 6394
7372 5 8424
7372 6 2104
7372 7 415
7372 8 65
7372 9 12
7372 10 1
13751 1 6
13751 2 135
13751 3 2156
13751 4 9714
13751 5 4597
13751 6 1226
13751 7 230
13751 8 45
13751 9 9
13751 10 1
17322 1 5
17322 2 432
17322 3 5165
17322 4 8304
17322 5 3283
17322 6 738
17322 7 154
17322 8 32
17322 9 6
6908 1 18
6908 2 163
6908 3 2555
6908 4 8844
6908 5 5199
6908 6 1079
6908 7 194
6908 8 53
6908 9 12
6908 10 2
9112 1 24
9112 2 1143
9112 3 7944
9112 4 6287
9112 5 2098
9112 6 503
9112 7 95
9112 8 24
9112 9 1
8738 1 6
8738 2 85
8738 3 1833
8738 4 8873
8738 5 5847
8738 6 1219
8738 7 207
8738 8 42
8738 9 7
11202 1 4
11202 2 107
11202 3 2242
11202 4 8858
11202 5 5680
11202 6 1037
11202 7 152
11202 8 34
11202 9 5
577 1 21
577 2 2359
577 3 7517
577 4 6261
577 5 1529
577 6 347
577 7 69
577 8 15
577 9 1
9088 1 3
9088 2 36
9088 3 1710
9088 4 8778
9088 5 5688
9088 6 1511
9088 7 313
9088 8 67
9088 9 13
1765 1 9
1765 2 968
1765 3 7254
1765 4 7896
1765 5 1664
1765 6 283
1765 7 37
1765 8 7
1765 9 1
11681 1 4
11681 2 40
11681 3 792
11681 4 8033
11681 5 7123
11681 6 1775
11681 7 296
11681 8 47
11681 9 8
11681 10 1
1206 1 4
1206 2 240
1206 3 4197
1206 4 9700
1206 5 3316
1206 6 558
1206 7 81
1206 8 20
1206 9 3
12543 1 38
12543 2 311
12543 3 7120
12543 4 7478
12543 5 2454
12543 6 585
12543 7 110
12543 8 21
12543 9 2
11031 1 2
11031 2 53
11031 3 1681
11031 4 9029
11031 5 5433
11031 6 1542
11031 7 300
11031 8 61
11031 9 16
11031 10 2
9930 1 1
9930 2 18
9930 3 197
9930 4 1852
9930 5 10644
9930 6 4530
9930 7 745
9930 8 113
9930 9 13
9930 10 5
9930 11 1
10186 1 26
10186 2 237
10186 3 3757
10186 4 9760
10186 5 3324
10186 6 819
10186 7 164
10186 8 27
10186 9 5
10932 1 5
10932 2 65
10932 3 3497
10932 4 8551
10932 5 4629
10932 6 1102
10932 7 207
10932 8 53
10932 9 9
10932 10 1
4952 1 18
4952 2 958
4952 3 5480
4952 4 8416
4952 5 2466
4952 6 639
4952 7 110
4952 8 29
4952 9 3
15418 1 10
15418 2 90
15418 3 1709
15418 4 8431
15418 5 6609
15418 6 1066
15418 7 171
15418 8 23
15418 9 9
15418 10 1
7410 1 34
7410 2 920
7410 3 7437
7410 4 7113
7410 5 2043
7410 6 464
7410 7 83
7410 8 20
7410 9 5
1555 1 4
1555 2 29
1555 3 1438
1555 4 7748
1555 5 6994
1555 6 1562
1555 7 283
1555 8 46
1555 9 12
1555 10 3
8395 1 12
8395 2 1616
8395 3 5116
8395 4 7856
8395 5 2709
8395 6 640
8395 7 135
8395 8 30
8395 9 5
17014 1 4
17014 2 258
17014 3 3110
17014 4 9675
17014 5 3875
17014 6 967
17014 7 180
17014 8 43
17014 9 7
1891 1 5
1891 2 1120
1891 3 6935
1891 4 7385
1891 5 2075
1891 6 479
1891 7 98
1891 8 21
1891 9 1
15712 1 2
15712 2 127
15712 3 2717
15712 4 9141
15712 5 4579
15712 6 1249
15712 7 241
15712 8 55
15712 9 8
16953 1 2
16953 2 16
16953 3 392
16953 4 5036
16953 5 7957
16953 6 3598
16953 7 902
16953 8 165
16953 9 43
16953 10 8
15724 1 1
15724 2 1
15724 3 5
15724 4 35
15724 5 359
15724 6 5511
15724 7 9495
15724 8 2335
15724 9 316
15724 10 52
15724 11 8
15724 12 1
7183 1 12
7183 2 160
7183 3 3500
7183 4 9536
7183 5 4093
7183 6 672
7183 7 120
7183 8 20
7183 9 6
7237 1 22
7237 2 202
7237 3 4293
7237 4 9252
7237 5 3384
7237 6 783
7237 7 148
7237 8 30
7237 9 5
1773 1 10
1773 2 120
1773 3 2190
1773 4 9735
1773 5 5137
1773 6 771
1773 7 135
1773 8 18
1773 9 2
1773 10 1
18338 1 10
18338 2 689
18338 3 5445
18338 4 8897
18338 5 2465
18338 6 505
18338 7 89
18338 8 18
18338 9 1
621 1 14
621 2 1102
621 3 7089
621 4 7100
621 5 2205
621 6 497
621 7 85
621 8 24
621 9 3
4056 1 9
4056 2 284
4056 3 4442
4056 4 9169
4056 5 3228
4056 6 794
4056 7 154
4056 8 36
4056 9 3
13032 1 10
13032 2 606
13032 3 5435
13032 4 8745
13032 5 2560
13032 6 635
13032 7 97
13032 8 28
13032 9 3
847 1 6
847 2 200
847 3 3372
847 4 10241
847 5 3553
847 6 618
847 7 108
847 8 20
847 9 1
1334 1 15
1334 2 629
1334 3 6037
1334 4 8676
1334 5 2253
1334 6 408
1334 7 82
1334 8 17
1334 9 2
7455 1 8
7455 2 223
7455 3 2676
7455 4 9458
7455 5 4034
7455 6 1344
7455 7 298
7455 8 64
7455 9 14
2067 1 8
2067 2 240
2067 3 2753
2067 4 10011
2067 5 4054
2067 6 860
2067 7 153
2067 8 35
2067 9 5
3033 1 4
3033 2 41
3033 3 1612
3033 4 8761
3033 5 5925
3033 6 1436
3033 7 266
3033 8 58
3033 9 14
3033 10 2
10702 1 4
10702 2 4
10702 3 38
10702 4 1306
10702 5 7795
10702 6 7108
10702 7 1509
10702 8 295
10702 9 51
10702 10 9
17051 1 3
17051 2 455
17051 3 4753
17051 4 8730
17051 5 3276
17051 6 738
17051 7 130
17051 8 29
17051 9 5
14924 1 9
14924 2 71
14924 3 2767
14924 4 8414
14924 5 5506
14924 6 1095
14924 7 209
14924 8 38
14924 9 9
14924 10 1
15660 1 1
15660 2 24
15660 3 536
15660 4 6722
15660 5 8045
15660 6 2234
15660 7 451
15660 8 87
15660 9 18
15660 10 1
17959 1 3
17959 2 40
17959 3 266
17959 4 5554
17959 5 7789
17959 6 3498
17959 7 779
17959 8 148
17959 9 33
17959 10 8
17959 11 1
6183 1 10
6183 2 118
6183 3 1848
6183 4 9621
6183 5 5600
6183 6 802
6183 7 100
6183 8 17
6183 9 2
6183 10 1
13315 1 6
13315 2 1421
13315 3 6959
13315 4 7242
13315 5 1940
13315 6 449
13315 7 85
13315 8 17
292 1 10
292 2 275
292 3 4776
292 4 9264
292 5 3064
292 6 580
292 7 113
292 8 33
292 9 4
4508 1 15
4508 2 1639
4508 3 5340
4508 4 7880
4508 5 2523
4508 6 567
4508 7 124
4508 8 24
4508 9 6
4508 10 1
15518 1 4
15518 2 70
15518 3 2782
15518 4 8622
15518 5 5075
15518 6 1257
15518 7 260
15518 8 40
15518 9 9
14121 1 1
14121 2 1
14121 3 3
14121 4 88
14121 5 1457
14121 6 9347
14121 7 5260
14121 8 1557
14121 9 342
14121 10 53
14121 11 10
3881 1 15
3881 2 806
3881 3 6440
3881 4 7685
3881 5 2472
3881 6 565
3881 7 101
3881 8 29
3881 9 6
9777 1 5
9777 2 44
9777 3 303
9777 4 5172
9777 5 8959
9777 6 2860
9777 7 633
9777 8 128
9777 9 13
9777 10 2
1155 1 1
1155 2 12
1155 3 130
1155 4 1549
1155 5 9090
1155 6 6335
1155 7 874
1155 8 112
1155 9 15
1155 10 1
12912 1 5
12912 2 374
12912 3 1855
12912 4 9213
12912 5 5710
12912 6 835
12912 7 110
12912 8 12
12912 9 4
12912 10 1
2431 1 3
2431 2 69
2431 3 1385
2431 4 9440
2431 5 5139
2431 6 1633
2431 7 373
2431 8 62
2431 9 15
11363 1 3
11363 2 22
11363 3 186
11363 4 4908
11363 5 8668
11363 6 3506
11363 7 695
11363 8 104
11363 9 23
11363 10 4
17907 1 2
17907 2 261
17907 3 3938
17907 4 9535
17907 5 3408
17907 6 792
17907 7 146
17907 8 32
17907 9 5
15289 1 4
15289 2 18
15289 3 179
15289 4 1781
15289 5 8331
15289 6 6630
15289 7 1014
15289 8 140
15289 9 17
15289 10 4
15289 11 1
523 1 24
523 2 1174
523 3 7018
523 4 7062
523 5 2214
523 6 509
523 7 90
523 8 24
523 9 4
13446 1 5
13446 2 310
13446 3 4541
13446 4 9185
13446 5 3155
13446 6 749
13446 7 138
13446 8 31
13446 9 5
6877 1 10
6877 2 68
6877 3 2973
6877 4 6843
6877 5 6298
6877 6 1534
6877 7 298
6877 8 73
6877 9 19
6877 10 3
5368 1 2
5368 2 87
5368 3 806
5368 4 8931
5368 5 5566
5368 6 2103
5368 7 496
5368 8 106
5368 9 19
5368 10 3
15998 1 1
15998 2 13
15998 3 295
15998 4 4553
15998 5 9754
15998 6 2859
15998 7 514
15998 8 101
15998 9 24
15998 10 5
3044 1 44
3044 2 1740
3044 3 7887
3044 4 6039
3044 5 1861
3044 6 439
3044 7 88
3044 8 19
3044 9 2
15083 1 1
15083 2 8
15083 3 1339
15083 4 4661
15083 5 8513
15083 6 2754
15083 7 667
15083 8 140
15083 9 28
15083 10 8
9770 1 8
9770 2 534
9770 3 4003
9770 4 9439
9770 5 3076
9770 6 858
9770 7 161
9770 8 34
9770 9 6
9947 1 7
9947 2 437
9947 3 3999
9947 4 8343
9947 5 4032
9947 6 1023
9947 7 217
9947 8 56
9947 9 4
9947 10 1
18602 1 15
18602 2 2242
18602 3 6469
18602 4 6767
18602 5 2040
18602 6 462
18602 7 97
18602 8 24
18602 9 3
829 1 34
829 2 2737
829 3 6481
829 4 7129
829 5 1417
829 6 257
829 7 52
829 8 9
829 9 3
10106 1 24
10106 2 1311
10106 3 7467
10106 4 6492
10106 5 2173
10106 6 539
10106 7 87
10106 8 25
10106 9 1
2215 1 5
2215 2 394
2215 3 2940
2215 4 9875
2215 5 3630
2215 6 1031
2215 7 193
2215 8 45
2215 9 6
5818 1 3
5818 2 19
5818 3 1703
5818 4 4579
5818 5 8475
5818 6 2685
5818 7 532
5818 8 99
5818 9 18
5818 10 5
5818 11 1
9248 1 10
9248 2 1303
9248 3 3449
9248 4 8723
9248 5 3533
9248 6 868
9248 7 177
9248 8 48
9248 9 6
9248 10 2
16403 1 2
16403 2 2
16403 3 60
16403 4 996
16403 5 8908
16403 6 6064
16403 7 1690
16403 8 329
16403 9 61
16403 10 7
1445 1 4
1445 2 137
1445 3 3568
1445 4 9725
1445 5 3830
1445 6 716
1445 7 119
1445 8 17
1445 9 3
14681 1 5
14681 2 1156
14681 3 3589
14681 4 9010
14681 5 3361
14681 6 788
14681 7 168
14681 8 32
14681 9 9
14681 10 1
11337 1 3
11337 2 22
11337 3 186
11337 4 4904
11337 5 8670
11337 6 3508
11337 7 695
11337 8 104
11337 9 23
11337 10 4
12175 1 6
12175 2 1633
12175 3 4547
12175 4 8367
12175 5 2767
12175 6 639
12175 7 125
12175 8 30
12175 9 5
14486 1 2
14486 2 12
14486 3 226
14486 4 6107
14486 5 7767
14486 6 2932
14486 7 863
14486 8 171
14486 9 33
14486 10 6
10446 1 5
10446 2 86
10446 3 1882
10446 4 7052
10446 5 7370
10446 6 1449
10446 7 238
10446 8 32
10446 9 4
10446 10 1
9895 1 6
9895 2 1597
9895 3 6649
9895 4 7412
9895 5 1893
9895 6 450
9895 7 90
9895 8 21
9895 9 1
15799 1 3
15799 2 20
15799 3 777
15799 4 7432
15799 5 7628
15799 6 1877
15799 7 326
15799 8 46
15799 9 9
15799 10 1
7703 1 89
7703 2 1175
7703 3 7597
7703 4 6501
7703 5 2113
7703 6 533
7703 7 93
7703 8 16
7703 9 2
11602 1 6
11602 2 211
11602 3 3909
11602 4 10153
11602 5 3176
11602 6 560
11602 7 83
11602 8 18
11602 9 3
3928 1 19
3928 2 197
3928 3 5340
3928 4 8537
3928 5 3092
3928 6 748
3928 7 151
3928 8 31
3928 9 4
17835 1 19
17835 2 2261
17835 3 5918
17835 4 7362
17835 5 2047
17835 6 415
17835 7 80
17835 8 15
17835 9 2
15132 1 11
15132 2 74
15132 3 3227
15132 4 8598
15132 5 4597
15132 6 1278
15132 7 271
15132 8 50
15132 9 12
15132 10 1
7654 1 9
7654 2 114
7654 3 3473
7654 4 9298
7654 5 4373
7654 6 712
7654 7 121
7654 8 16
7654 9 3
6883 1 16
6883 2 153
6883 3 4093
6883 4 8189
6883 5 4593
6883 6 875
6883 7 154
6883 8 37
6883 9 7
6883 10 2
17770 1 16
17770 2 330
17770 3 4940
17770 4 9536
17770 5 2653
17770 6 542
17770 7 78
17770 8 22
17770 9 2
14819 1 3
14819 2 73
14819 3 639
14819 4 7064
14819 5 7646
14819 6 2127
14819 7 471
14819 8 84
14819 9 12
9570 1 13
9570 2 187
9570 3 3344
9570 4 9148
9570 5 4058
9570 6 1087
9570 7 226
9570 8 44
9570 9 11
9570 10 1
9832 1 4
9832 2 290
9832 3 5059
9832 4 7888
9832 5 3692
9832 6 953
9832 7 183
9832 8 45
9832 9 5
11587 1 4
11587 2 50
11587 3 828
11587 4 6948
11587 5 8753
11587 6 1333
11587 7 174
11587 8 23
11587 9 5
11587 10 1
215 1 20
215 2 876
215 3 7411
215 4 6988
215 5 2188
215 6 516
215 7 91
215 8 27
215 9 2
1340 1 12
1340 2 551
1340 3 6051
1340 4 8841
1340 5 2143
1340 6 431
1340 7 68
1340 8 20
1340 9 2
61 1 9
61 2 98
61 3 3449
61 4 7263
61 5 5639
61 6 1341
61 7 253
61 8 55
61 9 11
61 10 1
17158 1 5
17158 2 497
17158 3 2269
17158 4 9787
17158 5 3851
17158 6 1356
17158 7 285
17158 8 56
17158 9 12
17158 10 1
8625 1 9
8625 2 445
8625 3 4399
8625 4 8940
8625 5 3358
8625 6 787
8625 7 146
8625 8 30
8625 9 5
10696 1 1
10696 2 20
10696 3 337
10696 4 4653
10696 5 9506
10696 6 2952
10696 7 516
10696 8 102
10696 9 29
10696 10 3
9146 1 25
9146 2 1855
9146 3 4647
9146 4 7928
9146 5 2853
9146 6 652
9146 7 117
9146 8 39
9146 9 3
1576 1 10
1576 2 191
1576 3 1487
1576 4 8438
1576 5 6591
1576 6 1188
1576 7 175
1576 8 29
1576 9 9
1576 10 1
8182 1 2
8182 2 118
8182 3 1207
8182 4 9310
8182 5 5330
8182 6 1680
8182 7 378
8182 8 78
8182 9 15
8182 10 1
8103 1 8
8103 2 154
8103 3 4632
8103 4 7615
8103 5 4229
8103 6 1169
8103 7 238
8103 8 62
8103 9 10
8103 10 2
18039 1 7
18039 2 197
18039 3 2516
18039 4 10028
18039 5 4224
18039 6 956
18039 7 155
18039 8 30
18039 9 6
14253 1 3
14253 2 8
14253 3 21
14253 4 711
14253 5 6857
14253 6 7518
14253 7 2299
14253 8 572
14253 9 103
14253 10 25
14253 11 2
17924 1 9
17924 2 555
17924 3 3095
17924 4 10535
17924 5 3299
17924 6 541
17924 7 73
17924 8 9
17924 9 2
17924 10 1
15441 1 1
15441 2 20
15441 3 204
15441 4 3995
15441 5 9896
15441 6 3353
15441 7 558
15441 8 82
15441 9 9
15441 10 1
10228 1 11
10228 2 228
10228 3 3238
10228 4 9161
10228 5 4203
10228 6 1033
10228 7 201
10228 8 38
10228 9 6
9013 1 8
9013 2 942
9013 3 3642
9013 4 8659
9013 5 3744
9013 6 894
9013 7 175
9013 8 47
9013 9 6
9013 10 2
16889 1 1
16889 2 16
16889 3 166
16889 4 3262
16889 5 9578
16889 6 4072
16889 7 831
16889 8 162
16889 9 23
16889 10 7
16889 11 1
9266 1 8
9266 2 216
9266 3 2619
9266 4 8998
9266 5 4314
9266 6 1548
9266 7 322
9266 8 72
9266 9 20
9266 10 2
545 1 21
545 2 1337
545 3 6852
545 4 7286
545 5 2060
545 6 462
545 7 80
545 8 19
545 9 2
5903 1 22
5903 2 160
5903 3 1307
5903 4 8184
5903 5 7014
5903 6 1219
5903 7 179
5903 8 25
5903 9 8
5903 10 1
18322 1 4
18322 2 18
18322 3 407
18322 4 4861
18322 5 8841
18322 6 3124
18322 7 705
18322 8 128
18322 9 27
18322 10 4
14289 1 8
14289 2 297
14289 3 4009
14289 4 9065
14289 5 3399
14289 6 1076
14289 7 214
14289 8 44
14289 9 7
2894 1 21
2894 2 1847
2894 3 5365
2894 4 7706
2894 5 2466
2894 6 554
2894 7 126
2894 8 27
2894 9 6
2894 10 1
18278 1 7
18278 2 523
18278 3 3060
18278 4 9955
18278 5 3337
18278 6 1009
18278 7 185
18278 8 34
18278 9 9
4678 1 39
4678 2 993
4678 3 7873
4678 4 6430
4678 5 2183
4678 6 492
4678 7 93
4678 8 15
4678 9 1
2302 1 9
2302 2 317
2302 3 3758
2302 4 9317
2302 5 3799
2302 6 758
2302 7 139
2302 8 19
2302 9 2
2302 10 1
14938 1 10
14938 2 330
14938 3 4863
14938 4 8059
14938 5 3479
14938 6 1078
14938 7 235
14938 8 57
14938 9 8
18125 1 5
18125 2 1242
18125 3 6165
18125 4 7911
18125 5 2192
18125 6 484
18125 7 97
18125 8 22
18125 9 1
15737 1 6
15737 2 41
15737 3 1278
15737 4 8323
15737 5 5982
15737 6 1921
15737 7 468
15737 8 73
15737 9 26
15737 10 1
14086 1 3
14086 2 64
14086 3 2322
14086 4 8122
14086 5 5726
14086 6 1502
14086 7 299
14086 8 69
14086 9 12
1710 1 4
1710 2 35
1710 3 741
1710 4 7961
1710 5 7234
1710 6 1760
1710 7 322
1710 8 45
1710 9 15
1710 10 2
10018 1 2
10018 2 45
10018 3 430
10018 4 5499
10018 5 9579
10018 6 2257
10018 7 268
10018 8 33
10018 9 5
10018 10 1
13920 1 5
13920 2 54
13920 3 1371
13920 4 8309
13920 5 5898
13920 6 1960
13920 7 429
13920 8 76
13920 9 16
13920 10 1
4482 1 35
4482 2 1343
4482 3 5234
4482 4 7696
4482 5 2966
4482 6 677
4482 7 128
4482 8 37
4482 9 3
17370 1 4
17370 2 284
17370 3 3325
17370 4 8223
17370 5 4721
17370 6 1254
17370 7 246
17370 8 50
17370 9 10
17370 10 2
143 1 14
143 2 1407
143 3 7215
143 4 6961
143 5 1983
143 6 430
143 7 86
143 8 22
143 9 1
4893 1 20
4893 2 1117
4893 3 7166
4893 4 7263
4893 5 2004
4893 6 435
4893 7 92
4893 8 21
4893 9 1
6988 1 32
6988 2 384
6988 3 6076
6988 4 7717
6988 5 3126
6988 6 631
6988 7 119
6988 8 29
6988 9 5
572 1 65
572 2 1993
572 3 7687
572 4 6285
572 5 1671
572 6 340
572 7 61
572 8 15
572 9 2
5667 1 1
5667 2 3
5667 3 1
5667 4 2
5667 5 9
5667 6 58
5667 7 836
5667 8 5680
5667 9 9248
5667 10 1952
5667 11 289
5667 12 35
5667 13 4
5667 14 1
5593 1 1
5771 1 5
5771 2 64
5771 3 1114
5771 4 7693
5771 5 7709
5771 6 1347
5771 7 161
5771 8 21
5771 9 4
5771 10 1
13479 1 13
13479 2 629
13479 3 6717
13479 4 8379
13479 5 1965
13479 6 347
13479 7 57
13479 8 11
13479 9 1
11090 1 10
11090 2 153
11090 3 2168
11090 4 8509
11090 5 5238
11090 6 1624
11090 7 331
11090 8 70
11090 9 13
11090 10 3
15544 1 1
15544 2 40
15544 3 356
15544 4 4960
15544 5 9699
15544 6 2697
15544 7 319
15544 8 39
15544 9 7
15544 10 1
12649 1 9
12649 2 60
12649 3 526
12649 4 3752
12649 5 10477
12649 6 2909
12649 7 343
12649 8 33
12649 9 9
12649 10 1
6415 1 43
6415 2 1024
6415 3 7612
6415 4 7417
6415 5 1642
6415 6 309
6415 7 60
6415 8 8
6415 9 4
3747 1 34
3747 2 2707
3747 3 5988
3747 4 6891
3747 5 1939
3747 6 443
3747 7 89
3747 8 25
3747 9 3
564 1 94
564 2 2958
564 3 9218
564 4 4466
564 5 1093
564 6 226
564 7 55
564 8 9
15257 1 2
15257 2 93
15257 3 1114
15257 4 5384
15257 5 9498
15257 6 1760
15257 7 233
15257 8 30
15257 9 4
15257 10 1
7164 1 7
7164 2 859
7164 3 6032
7164 4 8315
7164 5 2265
7164 6 527
7164 7 89
7164 8 24
7164 9 1
16250 1 1
16250 2 15
16250 3 2285
16250 4 5399
16250 5 7647
16250 6 2174
16250 7 476
16250 8 97
16250 9 20
16250 10 5
9612 1 8
9612 2 547
9612 3 4482
9612 4 9319
9612 5 2881
9612 6 719
9612 7 130
9612 8 28
9612 9 5
17292 1 7
17292 2 1350
17292 3 4522
17292 4 8355
17292 5 3042
17292 6 678
17292 7 127
17292 8 32
17292 9 6
916 1 2
916 2 60
916 3 2098
916 4 8575
916 5 5625
916 6 1404
916 7 283
916 8 61
916 9 10
916 10 1
2992 1 18
2992 2 829
2992 3 6488
2992 4 7643
2992 5 2429
2992 6 576
2992 7 107
2992 8 26
2992 9 3
6209 1 5
6209 2 66
6209 3 457
6209 4 3186
6209 5 10263
6209 6 3614
6209 7 453
6209 8 60
6209 9 12
6209 10 2
6209 11 1
9525 1 10
9525 2 232
9525 3 4510
9525 4 9435
9525 5 2992
9525 6 768
9525 7 144
9525 8 24
9525 9 3
9525 10 1
556 1 12
556 2 916
556 3 6724
556 4 7609
556 5 2247
556 6 490
556 7 96
556 8 23
556 9 2
7341 1 9
7341 2 41
7341 3 1497
7341 4 5700
7341 5 7810
7341 6 2456
7341 7 488
7341 8 93
7341 9 21
7341 10 4
17679 1 7
17679 2 942
17679 3 4791
17679 4 8607
17679 5 2979
17679 6 639
17679 7 116
17679 8 32
17679 9 6
2878 1 29
2878 2 1635
2878 3 8180
2878 4 5834
2878 5 1916
2878 6 420
2878 7 84
2878 8 20
2878 9 1
2977 1 4
2977 2 447
2977 3 5175
2977 4 8599
2977 5 3026
2977 6 705
2977 7 129
2977 8 29
2977 9 5
2032 1 1
2032 2 6
2032 3 24
2032 4 338
2032 5 4721
2032 6 9212
2032 7 2917
2032 8 727
2032 9 143
2032 10 26
2032 11 4
11811 1 6
11811 2 124
11811 3 2468
11811 4 7772
11811 5 5703
11811 6 1618
11811 7 342
11811 8 70
11811 9 14
11811 10 2
2767 1 3
2767 2 96
2767 3 2867
2767 4 7631
2767 5 5487
2767 6 1600
2767 7 332
2767 8 81
2767 9 18
2767 10 4
2239 1 5
2239 2 242
2239 3 3554
2239 4 9273
2239 5 3808
2239 6 1006
2239 7 188
2239 8 35
2239 9 8
8060 1 27
8060 2 2205
8060 3 6852
8060 4 6561
8060 5 1964
8060 6 412
8060 7 80
8060 8 14
8060 9 4
14050 1 16
14050 2 500
14050 3 5235
14050 4 8330
14050 5 3026
14050 6 810
14050 7 156
14050 8 39
14050 9 7
18054 1 3
18054 2 101
18054 3 932
18054 4 7254
18054 5 7715
18054 6 1779
18054 7 275
18054 8 49
18054 9 10
18054 10 1
8662 1 4
8662 2 334
8662 3 1799
8662 4 9688
8662 5 4242
8662 6 1626
8662 7 342
8662 8 69
8662 9 14
8662 10 1
12822 1 5
12822 2 36
12822 3 1844
12822 4 8903
12822 5 5644
12822 6 1359
12822 7 256
12822 8 61
12822 9 10
12822 10 1
13334 1 6
13334 2 1550
13334 3 8050
13334 4 6218
13334 5 1816
13334 6 378
13334 7 78
13334 8 22
13334 9 1
2994 1 15
2994 2 543
2994 3 4015
2994 4 9241
2994 5 3182
2994 6 907
2994 7 174
2994 8 37
2994 9 5
7467 1 1
7467 2 2
7467 3 9
7467 4 45
7467 5 367
7467 6 2473
7467 7 9932
7467 8 4660
7467 9 562
7467 10 56
7467 11 7
7467 12 4
7467 13 1
12842 1 2
12842 2 350
12842 3 1829
12842 4 9195
12842 5 5777
12842 6 839
12842 7 110
12842 8 12
12842 9 4
12842 10 1
3354 1 212
3354 2 2537
3354 3 9288
3354 4 4602
3354 5 1207
3354 6 214
3354 7 52
3354 8 7
17649 1 9
17649 2 1365
17649 3 6615
17649 4 7670
17649 5 1956
17649 6 416
17649 7 69
17649 8 19
285 1 62
285 2 778
285 3 8350
285 4 6353
285 5 2005
285 6 459
285 7 95
285 8 13
285 9 4
1063 1 11
1063 2 135
1063 3 1667
1063 4 8053
1063 5 6954
1063 6 1127
1063 7 150
1063 8 17
1063 9 4
1063 10 1
5433 1 33
5433 2 843
5433 3 6920
5433 4 7300
5433 5 2324
5433 6 571
5433 7 103
5433 8 22
5433 9 3
2211 1 4
2211 2 44
2211 3 905
2211 4 7760
2211 5 6689
2211 6 2151
2211 7 459
2211 8 88
2211 9 17
2211 10 2
16579 1 15
16579 2 2355
16579 3 5840
16579 4 7266
16579 5 2037
16579 6 484
16579 7 101
16579 8 19
16579 9 2
13450 1 4
13450 2 309
13450 3 4199
13450 4 9370
13450 5 3298
13450 6 761
13450 7 142
13450 8 31
13450 9 5
14881 1 1
14881 2 1
8145 1 46
8145 2 1712
8145 3 4451
8145 4 8038
8145 5 2960
8145 6 720
8145 7 141
8145 8 43
8145 9 6
8145 10 2
2926 1 5
2926 2 1320
2926 3 4704
2926 4 8725
2926 5 2712
2926 6 520
2926 7 103
2926 8 22
2926 9 7
2926 10 1
9647 1 5
9647 2 208
9647 3 1940
9647 4 9345
9647 5 4769
9647 6 1476
9647 7 308
9647 8 54
9647 9 14
4050 1 23
4050 2 1133
4050 3 7885
4050 4 6338
4050 5 2125
4050 6 501
4050 7 94
4050 8 18
4050 9 2
9811 1 8
9811 2 625
9811 3 4789
9811 4 8739
9811 5 2973
9811 6 797
9811 7 148
9811 8 35
9811 9 5
10494 1 17
10494 2 457
10494 3 3115
10494 4 10365
10494 5 3520
10494 6 552
10494 7 84
10494 8 7
10494 9 2
14606 1 8
14606 2 372
14606 3 4894
14606 4 8773
14606 5 3115
14606 6 772
14606 7 147
14606 8 33
14606 9 5
16293 1 2
16293 2 6
16293 3 62
16293 4 1614
16293 5 8824
16293 6 5652
16293 7 1548
16293 8 333
16293 9 67
16293 10 10
16293 11 1
16545 1 14
16545 2 553
16545 3 6027
16545 4 7988
16545 5 2708
16545 6 675
16545 7 123
16545 8 28
16545 9 3
3603 1 15
3603 2 468
3603 3 6252
3603 4 7560
3603 5 2983
3603 6 677
3603 7 127
3603 8 33
3603 9 4
12290 1 7
12290 2 112
12290 3 2072
12290 4 7233
12290 5 7219
12290 6 1243
12290 7 203
12290 8 27
12290 9 2
12290 10 1
10071 1 14
10071 2 1677
10071 3 4860
10071 4 8263
10071 5 2561
10071 6 586
10071 7 126
10071 8 26
10071 9 5
10071 10 1
13951 1 5
13951 2 176
13951 3 2474
13951 4 8889
13951 5 4674
13951 6 1498
13951 7 315
13951 8 71
13951 9 15
13951 10 2
7916 1 2
7916 2 5
7916 3 24
7916 4 369
7916 5 6505
7916 6 8072
7916 7 2559
7916 8 490
7916 9 74
7916 10 16
7916 11 3
5064 1 15
5064 2 1037
5064 3 6151
5064 4 7474
5064 5 2614
5064 6 663
5064 7 130
5064 8 33
5064 9 2
3004 1 37
3004 2 641
3004 3 6462
3004 4 7666
3004 5 2554
3004 6 620
3004 7 115
3004 8 20
3004 9 4
7967 1 4
7967 2 1151
7967 3 4499
7967 4 8501
7967 5 3093
7967 6 685
7967 7 146
7967 8 30
7967 9 9
7967 10 1
11007 1 2
11007 2 4
11007 3 421
11007 4 3122
11007 5 9830
11007 6 3437
11007 7 1049
11007 8 200
11007 9 47
11007 10 7
3838 1 13
3838 2 1921
3838 3 8029
3838 4 6097
3838 5 1630
3838 6 351
3838 7 66
3838 8 12
4340 1 18
4340 2 216
4340 3 3473
4340 4 9532
4340 5 3707
4340 6 957
4340 7 168
4340 8 39
4340 9 9
7655 1 47
7655 2 1063
7655 3 7018
7655 4 7455
7655 5 1987
7655 6 453
7655 7 75
7655 8 19
7655 9 2
12355 1 1
12355 2 19
12355 3 564
12355 4 5132
12355 5 9047
12355 6 2634
12355 7 601
12355 8 98
12355 9 23
607 1 12
607 2 1465
607 3 7219
607 4 7262
607 5 1703
607 6 380
607 7 66
607 8 11
607 9 1
1106 1 6
1106 2 53
1106 3 990
1106 4 6056
1106 5 9338
1106 6 1436
1106 7 209
1106 8 26
1106 9 4
1106 10 1
10571 1 10
10571 2 209
10571 3 3604
10571 4 9852
10571 5 3787
10571 6 549
10571 7 92
10571 8 13
10571 9 3
17470 1 1
17470 2 19
17470 3 736
17470 4 7504
17470 5 6838
17470 6 2347
17470 7 549
17470 8 94
17470 9 28
17470 10 3
4955 1 18
4955 2 597
4955 3 5011
4955 4 8242
4955 5 3261
4955 6 800
4955 7 143
4955 8 41
4955 9 6
3591 1 33
3591 2 2088
3591 3 8518
3591 4 5440
3591 5 1630
3591 6 334
3591 7 63
3591 8 13
16094 1 1
16094 2 248
16094 3 2105
16094 4 9251
16094 5 4856
16094 6 1322
16094 7 271
16094 8 55
16094 9 9
16094 10 1
17658 1 2
17658 2 46
17658 3 644
17658 4 8027
17658 5 6875
17658 6 1973
17658 7 437
17658 8 92
17658 9 19
17658 10 4
13688 1 2
13688 2 262
13688 3 1952
13688 4 10339
13688 5 4121
13688 6 1169
13688 7 228
13688 8 38
13688 9 8
9284 1 8
9284 2 521
9284 3 5295
9284 4 9050
9284 5 2496
9284 6 613
9284 7 112
9284 8 23
9284 9 1
14711 1 3
14711 2 159
14711 3 1647
14711 4 9415
14711 5 4704
14711 6 1751
14711 7 350
14711 8 68
14711 9 20
14711 10 2
15275 1 3
15275 2 13
15275 3 154
15275 4 1407
15275 5 7026
15275 6 8166
15275 7 1197
15275 8 131
15275 9 19
15275 10 2
15275 11 1
2791 1 10
2791 2 412
2791 3 5407
2791 4 9260
2791 5 2397
2791 6 509
2791 7 105
2791 8 18
2791 9 1
6032 1 4
6032 2 24
6032 3 294
6032 4 3615
6032 5 9833
6032 6 3578
6032 7 635
6032 8 111
6032 9 16
6032 10 8
6032 11 1
3220 1 43
3220 2 537
3220 3 6371
3220 4 7542
3220 5 2727
3220 6 727
3220 7 137
3220 8 30
3220 9 5
5959 1 3
5959 2 19
5959 3 131
5959 4 1324
5959 5 7770
5959 6 7450
5959 7 1252
5959 8 144
5959 9 21
5959 10 4
5959 11 1
3040 1 8
3040 2 618
3040 3 2968
3040 4 10843
3040 5 3097
3040 6 507
3040 7 66
3040 8 9
3040 9 2
3040 10 1
8798 1 21
8798 2 823
8798 3 5442
8798 4 8056
8798 5 2906
8798 6 690
8798 7 145
8798 8 32
8798 9 3
8798 10 1
6942 1 6
6942 2 265
6942 3 3298
6942 4 10077
6942 5 3656
6942 6 686
6942 7 111
6942 8 19
6942 9 1
11361 1 5
11361 2 27
11361 3 204
11361 4 4937
11361 5 8746
11361 6 3435
11361 7 641
11361 8 101
11361 9 21
11361 10 2
9596 1 23
9596 2 2193
9596 3 4733
9596 4 7931
9596 5 2520
9596 6 568
9596 7 117
9596 8 29
9596 9 4
9596 10 1
5663 1 3
5663 2 33
5663 3 158
5663 4 1004
5663 5 7763
5663 6 7591
5663 7 1391
5663 8 156
5663 9 19
5663 10 1
8074 1 11
8074 2 78
8074 3 2805
8074 4 8589
8074 5 4796
8074 6 1460
8074 7 302
8074 8 65
8074 9 11
8074 10 2
17528 1 10
17528 2 1760
17528 3 4540
17528 4 8360
17528 5 2708
17528 6 595
17528 7 116
17528 8 25
17528 9 5
3425 1 39
3425 2 2103
3425 3 5712
3425 4 7526
3425 5 2197
3425 6 425
3425 7 89
3425 8 23
3425 9 4
3425 10 1
11699 1 28
11699 2 503
11699 3 7407
11699 4 7693
11699 5 2044
11699 6 362
11699 7 67
11699 8 13
11699 9 2
5830 1 12
5830 2 43
5830 3 217
5830 4 1558
5830 5 9177
5830 6 6051
5830 7 912
5830 8 126
5830 9 18
5830 10 4
5830 11 1
15972 1 1
15972 2 28
15972 3 167
15972 4 3620
15972 5 9070
15972 6 3940
15972 7 1040
15972 8 207
15972 9 38
15972 10 8
7739 1 9
7739 2 1083
7739 3 6854
7739 4 7516
7739 5 2108
7739 6 438
7739 7 88
7739 8 22
7739 9 1
12814 1 2
12814 2 38
12814 3 207
12814 4 2998
12814 5 7603
12814 6 6227
12814 7 907
12814 8 117
12814 9 15
12814 10 4
12814 11 1
6824 1 7
6824 2 165
6824 3 2785
6824 4 9737
6824 5 4475
6824 6 788
6824 7 133
6824 8 26
6824 9 3
14272 1 5
14272 2 18
14272 3 433
14272 4 7092
14272 5 7383
14272 6 2454
14272 7 591
14272 8 116
14272 9 25
14272 10 2
3469 1 18
3469 2 489
3469 3 4301
3469 4 9779
3469 5 2824
3469 6 588
3469 7 100
3469 8 19
3469 9 1
15103 1 1
15103 2 9
15103 3 111
15103 4 4231
15103 5 8669
15103 6 3778
15103 7 1057
15103 8 198
15103 9 55
15103 10 10
2809 1 11
2809 2 832
2809 3 6164
2809 4 7975
2809 5 2395
2809 6 597
2809 7 113
2809 8 28
2809 9 4
3369 1 39
3369 2 1303
3369 3 7470
3369 4 6652
3369 5 2042
3369 6 495
3369 7 99
3369 8 16
3369 9 3
4906 1 6
4906 2 202
4906 3 3652
4906 4 9997
4906 5 3276
4906 6 795
4906 7 161
4906 8 28
4906 9 2
18644 1 1
18644 2 138
18644 3 1494
18644 4 9806
18644 5 5017
18644 6 1322
18644 7 266
18644 8 59
18644 9 13
18644 10 3
17717 1 2
17717 2 180
17717 3 1876
17717 4 9481
17717 5 4925
17717 6 1319
17717 7 278
17717 8 49
17717 9 9
18445 1 8
18445 2 545
18445 3 5428
18445 4 9111
18445 5 2427
18445 6 509
18445 7 73
18445 8 16
18445 9 2
7757 1 17
7757 2 1304
7757 3 7438
7757 4 7081
7757 5 1821
7757 6 378
7757 7 67
7757 8 12
7757 9 1
9576 1 12
9576 2 2024
9576 3 5891
9576 4 7048
9576 5 2430
9576 6 570
9576 7 109
9576 8 31
9576 9 4
802 1 11
802 2 1310
802 3 6773
802 4 7511
802 5 1977
802 6 431
802 7 86
802 8 19
802 9 1
6882 1 3
6882 2 21
6882 3 155
6882 4 4105
6882 5 8318
6882 6 4462
6882 7 856
6882 8 153
6882 9 37
6882 10 7
6882 11 2
14021 1 3
14021 2 207
14021 3 1964
14021 4 8545
14021 5 5308
14021 6 1648
14021 7 361
14021 8 65
14021 9 17
14021 10 1
17255 1 3
17255 2 495
17255 3 5226
17255 4 8813
17255 5 2791
17255 6 638
17255 7 122
17255 8 27
17255 9 4
17375 1 6
17375 2 541
17375 3 4401
17375 4 9303
17375 5 2971
17375 6 729
17375 7 137
17375 8 26
17375 9 5
5763 1 3
5763 2 6
5763 3 42
5763 4 542
5763 5 5635
5763 6 9343
5763 7 2171
5763 8 326
5763 9 43
5763 10 7
5763 11 1
7948 1 1
7948 2 12
7948 3 471
7948 4 5874
7948 5 8001
7948 6 2881
7948 7 715
7948 8 122
7948 9 38
7948 10 4
4853 1 12
4853 2 2021
4853 3 4327
4853 4 8259
4853 5 2724
4853 6 627
4853 7 118
4853 8 24
4853 9 6
4853 10 1
12393 1 17
12393 2 2307
12393 3 5604
12393 4 7409
12393 5 2196
12393 6 464
12393 7 103
12393 8 17
12393 9 2
12174 1 1
12174 2 46
12174 3 2024
12174 4 8658
12174 5 5512
12174 6 1474
12174 7 329
12174 8 64
12174 9 10
12174 10 1
5820 1 3
5820 2 7
5820 3 54
5820 4 280
5820 5 4749
5820 6 9305
5820 7 3150
5820 8 485
5820 9 72
5820 10 9
5820 11 5
5501 1 9
5501 2 1358
5501 3 3721
5501 4 8626
5501 5 3351
5501 6 823
5501 7 170
5501 8 50
5501 9 9
5501 10 2
17806 1 5
17806 2 106
17806 3 1206
17806 4 9382
17806 5 5491
17806 6 1541
17806 7 324
17806 8 54
17806 9 10
13302 1 3
13302 2 1094
13302 3 6087
13302 4 8168
13302 5 2158
13302 6 487
13302 7 100
13302 8 21
13302 9 1
10267 1 4
10267 2 169
10267 3 1846
10267 4 10272
10267 5 4298
10267 6 1236
10267 7 247
10267 8 39
10267 9 8
4566 1 6
4566 2 36
4566 3 1931
4566 4 6829
4566 5 7155
4566 6 1684
4566 7 381
4566 8 76
4566 9 20
4566 10 1
14478 1 1
14478 2 2
14478 3 13
14478 4 145
14478 5 2472
14478 6 9197
14478 7 4643
14478 8 1325
14478 9 260
14478 10 47
14478 11 13
14478 12 1
18631 1 7
18631 2 559
18631 3 5120
18631 4 7924
18631 5 3498
18631 6 823
18631 7 140
18631 8 45
18631 9 2
18631 10 1
5570 1 10
5570 2 160
5570 3 2307
5570 4 9841
5570 5 4098
5570 6 1329
5570 7 298
5570 8 64
5570 9 11
5570 10 1
3934 1 20
3934 2 689
3934 3 5031
3934 4 8741
3934 5 2749
3934 6 730
3934 7 128
3934 8 28
3934 9 3
5437 1 6
5437 2 543
5437 3 5489
5437 4 8436
5437 5 2823
5437 6 666
5437 7 120
5437 8 29
5437 9 7
1295 1 4
1295 2 274
1295 3 4442
1295 4 9453
1295 5 3246
1295 6 574
1295 7 101
1295 8 22
1295 9 3
18531 1 9
18531 2 548
18531 3 4008
18531 4 9461
18531 5 3102
18531 6 798
18531 7 155
18531 8 33
18531 9 5
16644 1 5
16644 2 1407
16644 3 4585
16644 4 8504
16644 5 2846
16644 6 619
16644 7 117
16644 8 31
16644 9 5
11790 1 7
11790 2 196
11790 3 1850
11790 4 9511
11790 5 4518
11790 6 1614
11790 7 341
11790 8 67
11790 9 14
11790 10 1
9004 1 12
9004 2 134
9004 3 3956
9004 4 8297
9004 5 4390
9004 6 1058
9004 7 212
9004 8 50
9004 9 9
9004 10 1
8187 1 15
8187 2 1699
8187 3 4727
8187 4 8191
8187 5 2747
8187 6 585
8187 7 120
8187 8 29
8187 9 6
10439 1 2
10439 2 54
10439 3 382
10439 4 7021
10439 5 6725
10439 6 2971
10439 7 776
10439 8 146
10439 9 36
10439 10 6
4971 1 4
4971 2 1194
4971 3 4162
4971 4 8600
4971 5 3206
4971 6 756
4971 7 157
4971 8 30
4971 9 9
4971 10 1
4972 1 4
4972 2 1117
4972 3 6468
4972 4 7794
4972 5 2133
4972 6 481
4972 7 97
4972 8 24
4972 9 1
4096 1 99
4096 2 531
4096 3 7805
4096 4 6393
4096 5 2449
4096 6 678
4096 7 126
4096 8 32
4096 9 6
2849 1 25
2849 2 462
2849 3 5364
2849 4 7939
2849 5 3257
2849 6 865
2849 7 152
2849 8 48
2849 9 6
2849 10 1
10777 1 11
10777 2 134
10777 3 1904
10777 4 9456
10777 5 5241
10777 6 1108
10777 7 205
10777 8 48
10777 9 11
10777 10 1
1093 1 11
1093 2 380
1093 3 3086
1093 4 10455
1093 5 3395
1093 6 662
1093 7 112
1093 8 17
1093 9 1
9144 1 18
9144 2 2070
9144 3 5931
9144 4 7161
9144 5 2241
9144 6 561
9144 7 110
9144 8 24
9144 9 3
2947 1 5
2947 2 46
2947 3 327
2947 4 5877
2947 5 7726
2947 6 3250
2947 7 719
2947 8 131
2947 9 30
2947 10 7
2947 11 1
16537 1 1
16537 2 1
16537 3 5
16537 4 171
16537 5 2017
16537 6 9855
16537 7 4858
16537 8 1013
16537 9 173
16537 10 24
16537 11 1
9683 1 13
9683 2 207
9683 3 3298
9683 4 9668
9683 5 3606
9683 6 1070
9683 7 203
9683 8 46
9683 9 8
990 1 20
990 2 1610
990 3 8798
990 4 5628
990 5 1630
990 6 341
990 7 73
990 8 18
990 9 1
4556 1 7
4556 2 188
4556 3 3556
4556 4 9340
4556 5 3726
4556 6 1033
4556 7 208
4556 8 51
4556 9 10
3223 1 12
3223 2 768
3223 3 5019
3223 4 8036
3223 5 3454
3223 6 678
3223 7 115
3223 8 34
3223 9 3
17537 1 2
17537 2 158
17537 3 3180
17537 4 9050
17537 5 4213
17537 6 1193
17537 7 252
17537 8 57
17537 9 13
17537 10 1
7813 1 1
7813 2 6
7813 3 10
7813 4 403
7813 5 5617
7813 6 8745
7813 7 2585
7813 8 614
7813 9 112
7813 10 24
7813 11 2
1909 1 13
1909 2 958
1909 3 7919
1909 4 6813
1909 5 1960
1909 6 361
1909 7 76
1909 8 17
1909 9 2
16960 1 1
16960 2 5
16960 3 41
16960 4 870
16960 5 5750
16960 6 8336
16960 7 2369
16960 8 606
16960 9 120
16960 10 19
16960 11 2
6597 1 11
6597 2 84
6597 3 1186
6597 4 6821
6597 5 8289
6597 6 1488
6597 7 210
6597 8 25
6597 9 4
6597 10 1
13428 1 2
13428 2 35
13428 3 271
13428 4 2240
13428 5 9708
13428 6 5053
13428 7 704
13428 8 92
13428 9 9
13428 10 4
13428 11 1
2903 1 19
2903 2 1320
2903 3 6887
2903 4 7159
2903 5 2132
2903 6 506
2903 7 74
2903 8 21
2903 9 1
8682 1 10
8682 2 424
8682 3 5017
8682 4 7594
8682 5 3898
8682 6 948
8682 7 170
8682 8 52
8682 9 5
8682 10 1
12632 1 3
12632 2 16
12632 3 141
12632 4 4091
12632 5 9505
12632 6 3692
12632 7 566
12632 8 88
12632 9 14
12632 10 2
12632 11 1
8837 1 37
8837 2 2298
8837 3 5865
8837 4 7177
8837 5 2155
8837 6 460
8837 7 99
8837 8 25
8837 9 3
4329 1 6
4329 2 1258
4329 3 4267
4329 4 8639
4329 5 3008
4329 6 749
4329 7 154
4329 8 31
4329 9 6
4329 10 1
3152 1 16
3152 2 522
3152 3 4370
3152 4 8727
3152 5 3439
3152 6 816
3152 7 180
3152 8 41
3152 9 8
7218 1 2
7218 2 7
7218 3 35
7218 4 529
7218 5 4563
7218 6 10243
7218 7 2395
7218 8 299
7218 9 38
7218 10 7
7218 11 1
12500 1 3
12500 2 582
12500 3 3649
12500 4 8243
12500 5 4364
12500 6 1006
12500 7 210
12500 8 54
12500 9 7
12500 10 1
18091 1 11
18091 2 201
18091 3 3804
18091 4 8099
18091 5 4426
18091 6 1240
18091 7 263
18091 8 62
18091 9 12
18091 10 1
18101 1 10
18101 2 2182
18101 3 3994
18101 4 8381
18101 5 2752
18101 6 636
18101 7 128
18101 8 31
18101 9 4
18101 10 1
1861 1 16
1861 2 421
1861 3 4515
1861 4 9443
1861 5 2941
1861 6 629
1861 7 123
1861 8 26
1861 9 5
13502 1 1
13502 2 421
13502 3 4436
13502 4 9050
13502 5 3235
13502 6 797
13502 7 139
13502 8 32
13502 9 8
8072 1 3
8072 2 15
8072 3 873
8072 4 6679
8072 5 7752
8072 6 2171
8072 7 512
8072 8 88
8072 9 24
8072 10 2
13469 1 12
13469 2 573
13469 3 6847
13469 4 7463
13469 5 2508
13469 6 578
13469 7 107
13469 8 25
13469 9 6
13591 1 2
13591 2 49
13591 3 339
13591 4 6819
13591 5 7958
13591 6 2363
13591 7 485
13591 8 81
13591 9 18
13591 10 5
1397 1 6
1397 2 416
1397 3 2028
1397 4 9391
1397 5 5405
1397 6 751
1397 7 106
1397 8 11
1397 9 4
1397 10 1
3205 1 11
3205 2 946
3205 3 6488
3205 4 7755
3205 5 2264
3205 6 540
3205 7 91
3205 8 22
3205 9 2
8539 1 71
8539 2 771
8539 3 7038
8539 4 6976
8539 5 2536
8539 6 585
8539 7 118
8539 8 23
8539 9 1
8822 1 44
8822 2 427
8822 3 4873
8822 4 8938
8822 5 2942
8822 6 749
8822 7 119
8822 8 26
8822 9 1
15605 1 2
15605 2 143
15605 3 1526
15605 4 9787
15605 5 5001
15605 6 1319
15605 7 266
15605 8 59
15605 9 13
15605 10 3
13607 1 83
13607 2 793
13607 3 8127
13607 4 6237
13607 5 2220
13607 6 534
13607 7 95
13607 8 27
13607 9 3
5675 1 1
18129 1 11
18129 2 1692
18129 3 6619
18129 4 7305
18129 5 1949
18129 6 431
18129 7 91
18129 8 20
18129 9 1
5886 1 10
5886 2 146
5886 3 2902
5886 4 9641
5886 5 4604
5886 6 695
5886 7 100
5886 8 16
5886 9 5
6886 1 22
6886 2 97
6886 3 1190
6886 4 7750
6886 5 7736
6886 6 1156
6886 7 145
6886 8 20
6886 9 2
6886 10 1
7174 1 10
7174 2 569
7174 3 5990
7174 4 8641
7174 5 2337
7174 6 481
7174 7 75
7174 8 14
7174 9 2
14608 1 2
14608 2 130
14608 3 2407
14608 4 9590
14608 5 4375
14608 6 1302
14608 7 260
14608 8 44
14608 9 9
13271 1 3
13271 2 967
13271 3 4592
13271 4 8714
13271 5 3039
13271 6 651
13271 7 115
13271 8 33
13271 9 5
3154 1 7
3154 2 158
3154 3 3392
3154 4 8610
3154 5 4555
3154 6 1120
3154 7 220
3154 8 50
3154 9 7
2360 1 8
2360 2 176
2360 3 3486
2360 4 9476
2360 5 4064
2360 6 733
2360 7 140
2360 8 31
2360 9 5
10149 1 50
10149 2 1711
10149 3 5927
10149 4 7398
10149 5 2365
10149 6 527
10149 7 109
10149 8 29
10149 9 3
4212 1 20
4212 2 797
4212 3 4415
4212 4 8749
4212 5 3053
4212 6 860
4212 7 182
4212 8 38
4212 9 5
3169 1 2
3169 2 10
3169 3 105
3169 4 2417
3169 5 9475
3169 6 5091
3169 7 829
3169 8 163
3169 9 22
3169 10 4
3169 11 1
13118 1 7
13118 2 330
13118 3 4408
13118 4 8962
13118 5 3387
13118 6 830
13118 7 148
13118 8 41
13118 9 6
6079 1 11
6079 2 66
6079 3 992
6079 4 5410
6079 5 9636
6079 6 1731
6079 7 241
6079 8 26
6079 9 5
6079 10 1
11227 1 2
11227 2 23
11227 3 203
11227 4 2479
11227 5 9540
11227 6 5044
11227 7 716
11227 8 93
11227 9 16
11227 10 2
11227 11 1
5222 1 6
5222 2 358
5222 3 2359
5222 4 9802
5222 5 4080
5222 6 1224
5222 7 235
5222 8 47
5222 9 8
5493 1 19
5493 2 1809
5493 3 6080
5493 4 7136
5493 5 2400
5493 6 547
5493 7 104
5493 8 19
5493 9 5
15583 1 2
15583 2 12
15583 3 453
15583 4 6233
15583 5 8143
15583 6 2576
15583 7 587
15583 8 86
15583 9 23
15583 10 4
16924 1 9
16924 2 582
16924 3 2443
16924 4 10160
16924 5 3616
16924 6 1053
16924 7 209
16924 8 40
16924 9 7
8995 1 13
8995 2 1117
8995 3 5761
8995 4 7952
8995 5 2449
8995 6 657
8995 7 135
8995 8 29
8995 9 6
13648 1 9
13648 2 179
13648 3 3624
13648 4 8123
13648 5 4468
13648 6 1366
13648 7 267
13648 8 66
13648 9 15
13648 10 2
8493 1 22
8493 2 1374
8493 3 6503
8493 4 7559
8493 5 2077
8493 6 468
8493 7 93
8493 8 22
8493 9 1
14424 1 2
14424 2 12
14424 3 182
14424 4 3115
14424 5 9419
14424 6 3798
14424 7 1278
14424 8 255
14424 9 51
14424 10 7
15364 1 2
15364 2 11
15364 3 42
15364 4 217
15364 5 1558
15364 6 9177
15364 7 6051
15364 8 912
15364 9 126
15364 10 18
15364 11 4
15364 12 1
10443 1 10
10443 2 591
10443 3 4877
10443 4 8600
10443 5 3111
10443 6 768
10443 7 129
10443 8 29
10443 9 4
11645 1 4
11645 2 183
11645 3 1632
11645 4 9810
11645 5 4437
11645 6 1631
11645 7 338
11645 8 67
11645 9 16
11645 10 1
12478 1 10
12478 2 351
12478 3 2797
12478 4 9853
12478 5 3678
12478 6 1148
12478 7 229
12478 8 47
12478 9 6
4284 1 20
4284 2 818
4284 3 4997
4284 4 8577
4284 5 2794
4284 6 745
4284 7 130
4284 8 33
4284 9 5
15271 1 1
15271 2 12
15271 3 70
15271 4 342
15271 5 3595
15271 6 9273
15271 7 4212
15271 8 533
15271 9 67
15271 10 11
15271 11 2
15271 12 1
5877 1 3
5877 2 26
5877 3 198
5877 4 1121
5877 5 7150
5877 6 7783
5877 7 1600
5877 8 203
5877 9 27
5877 10 7
5877 11 1
15268 1 13
15268 2 118
15268 3 827
15268 4 6986
15268 5 8296
15268 6 1651
15268 7 191
15268 8 31
15268 9 5
15268 10 1
1258 1 39
1258 2 790
1258 3 8267
1258 4 6952
1258 5 1682
1258 6 322
1258 7 54
1258 8 12
1258 9 1
6281 1 5
6281 2 360
6281 3 1852
6281 4 9283
6281 5 5716
6281 6 782
6281 7 105
6281 8 11
6281 9 4
6281 10 1
17792 1 7
17792 2 1096
17792 3 4917
17792 4 8408
17792 5 2902
17792 6 642
17792 7 111
17792 8 31
17792 9 5
4374 1 13
4374 2 372
4374 3 2951
4374 4 9743
4374 5 3559
4374 6 1171
4374 7 247
4374 8 50
4374 9 12
4374 10 1
999 1 4
999 2 102
999 3 1427
999 4 8825
999 5 5817
999 6 1547
999 7 311
999 8 69
999 9 16
999 10 1
17887 1 3
17887 2 135
17887 3 2127
17887 4 9090
17887 5 5394
17887 6 1129
17887 7 196
17887 8 37
17887 9 8
14115 1 2
14115 2 313
14115 3 4247
14115 4 9084
14115 5 3459
14115 6 823
14115 7 151
14115 8 35
14115 9 5
12824 1 2
12824 2 27
12824 3 295
12824 4 4717
12824 5 9559
12824 6 3037
12824 7 404
12824 8 60
12824 9 12
12824 10 5
12824 11 1
17779 1 5
17779 2 339
17779 3 4672
17779 4 8822
17779 5 3290
17779 6 803
17779 7 141
17779 8 41
17779 9 6
6432 1 5
6432 2 144
6432 3 892
6432 4 7888
6432 5 7209
6432 6 1692
6432 7 243
6432 8 34
6432 9 11
6432 10 1
4715 1 5
4715 2 90
4715 3 3603
4715 4 8223
4715 5 4703
4715 6 1209
4715 7 233
4715 8 42
4715 9 10
4715 10 1
16784 1 1
16784 2 5
16784 3 40
16784 4 2014
16784 5 7898
16784 6 6146
16784 7 1573
16784 8 355
16784 9 71
16784 10 16
10605 1 25
10605 2 263
10605 3 2297
10605 4 9496
10605 5 5094
10605 6 813
10605 7 107
10605 8 17
10605 9 6
10605 10 1
14111 1 5
14111 2 138
14111 3 3385
14111 4 7598
14111 5 5065
14111 6 1510
14111 7 320
14111 8 79
14111 9 18
14111 10 1
10825 1 4
10825 2 83
10825 3 1560
10825 4 9303
10825 5 5799
10825 6 1148
10825 7 193
10825 8 25
10825 9 3
10825 10 1
14161 1 8
14161 2 1990
14161 3 6327
14161 4 7088
14161 5 2126
14161 6 459
14161 7 92
14161 8 26
14161 9 3
3392 1 41
3392 2 765
3392 3 7590
3392 4 7371
3392 5 1906
3392 6 356
3392 7 74
3392 8 13
3392 9 3
1164 1 92
1164 2 1455
1164 3 8422
1164 4 6471
1164 5 1383
1164 6 247
1164 7 36
1164 8 12
1164 9 1
10805 1 36
10805 2 417
10805 3 5470
10805 4 8013
10805 5 3164
10805 6 831
10805 7 150
10805 8 34
10805 9 4
3359 1 24
3359 2 1971
3359 3 7886
3359 4 6137
3359 5 1671
3359 6 337
3359 7 77
3359 8 15
3359 9 1
6786 1 8
6786 2 59
6786 3 1212
6786 4 8596
6786 5 6799
6786 6 1214
6786 7 197
6786 8 27
6786 9 6
6786 10 1
18241 1 17
18241 2 413
18241 3 3951
18241 4 9672
18241 5 3105
18241 6 789
18241 7 149
18241 8 22
18241 9 1
13599 1 5
13599 2 507
13599 3 3707
13599 4 9396
13599 5 3335
13599 6 952
13599 7 171
13599 8 41
13599 9 5
5524 1 9
5524 2 48
5524 3 2084
5524 4 7292
5524 5 6273
5524 6 1879
5524 7 431
5524 8 77
5524 9 21
5524 10 5
12527 1 6
12527 2 323
12527 3 2546
12527 4 9917
12527 5 3798
12527 6 1235
12527 7 240
12527 8 45
12527 9 9
15173 1 1
15173 2 5
15173 3 384
15173 4 4606
15173 5 9127
15173 6 2982
15173 7 833
15173 8 139
15173 9 37
15173 10 5
832 1 23
832 2 433
832 3 5436
832 4 9252
832 5 2502
832 6 388
832 7 70
832 8 13
832 9 2
4275 1 8
4275 2 351
4275 3 2944
4275 4 9870
4275 5 3591
4275 6 1081
4275 7 217
4275 8 47
4275 9 10
3888 1 15
3888 2 314
3888 3 3676
3888 4 9381
3888 5 3505
3888 6 972
3888 7 205
3888 8 45
3888 9 6
5879 1 2
5879 2 10
5879 3 419
5879 4 3395
5879 5 9667
5879 6 3584
5879 7 849
5879 8 149
5879 9 37
5879 10 7
5423 1 11
5423 2 455
5423 3 4137
5423 4 9554
5423 5 3045
5423 6 761
5423 7 132
5423 8 24
1379 1 5
1379 2 149
1379 3 1553
1379 4 9500
1379 5 5861
1379 6 925
1379 7 102
1379 8 19
1379 9 4
1379 10 1
17491 1 8
17491 2 411
17491 3 3553
17491 4 10088
17491 5 3276
17491 6 647
17491 7 114
17491 8 21
17491 9 1
8570 1 19
8570 2 1684
8570 3 6194
8570 4 7496
8570 5 2179
8570 6 437
8570 7 90
8570 8 18
8570 9 2
218 1 12
218 2 560
218 3 6167
218 4 8463
218 5 2338
218 6 469
218 7 88
218 8 20
218 9 2
8979 1 12
8979 2 390
8979 3 2912
8979 4 10387
8979 5 3420
8979 6 825
8979 7 146
8979 8 26
8979 9 1
8228 1 19
8228 2 2067
8228 3 5527
8228 4 7611
8228 5 2286
8228 6 487
8228 7 103
8228 8 17
8228 9 2
11875 1 2
11875 2 9
11875 3 281
11875 4 4752
11875 5 9018
11875 6 3015
11875 7 825
11875 8 173
11875 9 38
11875 10 6
6618 1 12
6618 2 120
6618 3 2767
6618 4 8436
6618 5 4993
6618 6 1437
6618 7 281
6618 8 62
6618 9 9
6618 10 2
9901 1 12
9901 2 337
9901 3 4916
9901 4 8668
9901 5 3115
9901 6 859
9901 7 173
9901 8 33
9901 9 6
12521 1 12
12521 2 139
12521 3 4824
12521 4 7821
12521 5 4094
12521 6 969
12521 7 202
12521 8 49
12521 9 9
17462 1 10
17462 2 578
17462 3 4546
17462 4 9167
17462 5 2911
17462 6 743
17462 7 133
17462 8 28
17462 9 3
11058 1 3
11058 2 493
11058 3 3888
11058 4 9148
11058 5 3460
11058 6 919
11058 7 162
11058 8 39
11058 9 7
15283 1 2
15283 2 27
15283 3 193
15283 4 1851
15283 5 10091
15283 6 5050
15283 7 771
15283 8 116
15283 9 14
15283 10 3
15283 11 1
11315 1 11
11315 2 399
11315 3 5779
11315 4 8628
11315 5 2660
11315 6 542
11315 7 77
11315 8 20
11315 9 3
16851 1 6
16851 2 242
16851 3 3115
16851 4 9706
16851 5 3891
16851 6 919
16851 7 192
16851 8 41
16851 9 7
5912 1 10
5912 2 97
5912 3 825
5912 4 6215
5912 5 8925
5912 6 1749
5912 7 247
5912 8 42
5912 9 8
5912 10 1
15784 1 2
15784 2 101
15784 3 1864
15784 4 9190
15784 5 5584
15784 6 1136
15784 7 189
15784 8 45
15784 9 8
6352 1 12
6352 2 452
6352 3 4938
6352 4 8537
6352 5 3136
6352 6 848
6352 7 160
6352 8 32
6352 9 4
7682 1 12
7682 2 1585
7682 3 7037
7682 4 7002
7682 5 1933
7682 6 440
7682 7 88
7682 8 21
7682 9 1
16599 1 1
16599 2 3
16599 3 9
16599 4 566
16599 5 4465
16599 6 9402
16599 7 2829
16599 8 704
16599 9 107
16599 10 29
16599 11 4
12580 1 8
12580 2 184
12580 3 3194
12580 4 9679
12580 5 3600
12580 6 1163
12580 7 238
12580 8 42
12580 9 10
12580 10 1
18534 1 3
18534 2 125
18534 3 1156
18534 4 9540
18534 5 5217
18534 6 1650
18534 7 349
18534 8 68
18534 9 11
9323 1 3
9323 2 46
9323 3 1816
9323 4 8711
9323 5 5476
9323 6 1637
9323 7 347
9323 8 69
9323 9 13
9323 10 1
9669 1 16
9669 2 859
9669 3 3879
9669 4 8482
9669 5 3717
9669 6 914
9669 7 189
9669 8 51
9669 9 10
9669 10 2
9104 1 14
9104 2 460
9104 3 4877
9104 4 8860
9104 5 2956
9104 6 763
9104 7 157
9104 8 28
9104 9 4
9114 1 1
9114 2 43
9114 3 1503
9114 4 6828
9114 5 7340
9114 6 1944
9114 7 370
9114 8 77
9114 9 11
9114 10 2
13004 1 2
13004 2 15
13004 3 141
13004 4 1872
13004 5 8925
13004 6 6201
13004 7 827
13004 8 115
13004 9 18
13004 10 2
13004 11 1
18175 1 3
18175 2 334
18175 3 4170
18175 4 9401
18175 5 3273
18175 6 761
18175 7 141
18175 8 31
18175 9 5
13416 1 5
13416 2 201
13416 3 1597
13416 4 10012
13416 5 5031
13416 6 1064
13416 7 181
13416 8 23
13416 9 4
13416 10 1
16312 1 2
16312 2 8
16312 3 19
16312 4 468
16312 5 3151
16312 6 10450
16312 7 3438
16312 8 506
16312 9 66
16312 10 8
16312 11 2
16312 12 1
8624 1 5
8624 2 131
8624 3 2857
8624 4 9058
8624 5 4709
8624 6 1113
8624 7 197
8624 8 40
8624 9 8
8624 10 1
8590 1 12
8590 2 375
8590 3 4113
8590 4 9181
8590 5 3272
8590 6 936
8590 7 181
8590 8 40
8590 9 9
14710 1 23
14710 2 633
14710 3 6375
14710 4 7750
14710 5 2629
14710 6 585
14710 7 93
14710 8 27
14710 9 4
14816 1 11
14816 2 108
14816 3 1503
14816 4 8912
14816 5 5033
14816 6 1939
14816 7 496
14816 8 89
14816 9 23
14816 10 5
