22657 1 7
22657 2 74
22657 3 516
22657 4 1537
22657 5 4165
22657 6 12844
22657 7 8642
22657 8 845
22657 9 60
27629 1 21
27629 2 114
27629 3 626
27629 4 4434
27629 5 13040
27629 6 9442
27629 7 936
27629 8 54
27629 9 23
7124 1 20
7124 2 359
7124 3 2533
7124 4 11531
7124 5 12009
7124 6 2070
7124 7 144
7124 8 24
8063 1 21
8063 2 164
8063 3 1527
8063 4 5031
8063 5 12911
8063 6 8227
8063 7 750
8063 8 58
8063 9 1
15133 1 18
15133 2 181
15133 3 2228
15133 4 11847
15133 5 11633
15133 6 2462
15133 7 298
15133 8 23
28459 1 19
28459 2 364
28459 3 3459
28459 4 11623
28459 5 11057
28459 6 2003
28459 7 146
28459 8 19
23587 1 16
23587 2 459
23587 3 4508
23587 4 11239
23587 5 9755
23587 6 2499
23587 7 195
23587 8 19
5589 1 20
5589 2 152
5589 3 1525
5589 4 10646
5589 5 13512
5589 6 2608
5589 7 191
5589 8 19
5589 9 17
12935 1 9
12935 2 472
12935 3 3091
12935 4 12359
12935 5 11371
12935 6 1310
12935 7 61
12935 8 17
17386 1 19
17386 2 194
17386 3 2219
17386 4 11126
17386 5 11974
17386 6 2990
17386 7 165
17386 8 3
3447 1 2
3447 2 564
3447 3 3816
3447 4 12890
3447 5 10390
3447 6 991
3447 7 37
16579 1 26
16579 2 433
16579 3 3047
16579 4 11632
16579 5 10236
16579 6 3089
16579 7 224
16579 8 3
22573 1 8
22573 2 81
22573 3 656
22573 4 5775
22573 5 13045
22573 6 7731
22573 7 1328
22573 8 66
18932 1 23
18932 2 374
18932 3 2754
18932 4 11227
18932 5 11348
18932 6 2804
18932 7 158
18932 8 2
15578 1 20
15578 2 95
15578 3 579
15578 4 4466
15578 5 14151
15578 6 8705
15578 7 632
15578 8 25
15578 9 17
12430 1 13
12430 2 398
12430 3 2463
12430 4 10051
12430 5 13407
12430 6 2185
12430 7 137
12430 8 19
12430 9 17
3598 1 16
3598 2 154
3598 3 1565
3598 4 8846
3598 5 12249
3598 6 5157
3598 7 643
3598 8 60
12953 1 21
12953 2 200
12953 3 1579
12953 4 10051
12953 5 14666
12953 6 2051
12953 7 87
12953 8 18
12953 9 17
18235 1 30
18235 2 522
18235 3 3889
18235 4 12288
18235 5 9792
18235 6 2021
18235 7 146
18235 8 2
26256 1 20
26256 2 291
26256 3 2348
26256 4 7283
26256 5 13756
26256 6 4734
26256 7 207
26256 8 49
26256 9 2
11828 1 9
11828 2 185
11828 3 912
11828 4 4748
11828 5 14230
11828 6 7902
11828 7 665
11828 8 22
11828 9 17
14378 1 12
14378 2 144
14378 3 1535
14378 4 7493
14378 5 12796
14378 6 6131
14378 7 493
14378 8 67
14378 9 19
27231 1 18
27231 2 237
27231 3 2003
27231 4 8742
27231 5 12138
27231 6 4794
27231 7 714
27231 8 44
19352 1 16
19352 2 217
19352 3 2122
19352 4 7599
19352 5 14418
19352 6 4087
19352 7 197
19352 8 17
19352 9 17
4776 1 17
4776 2 144
4776 3 1590
4776 4 6369
4776 5 14009
4776 6 5952
4776 7 562
4776 8 30
4776 9 17
11114 1 24
11114 2 137
11114 3 834
11114 4 2706
11114 5 10845
11114 6 12042
11114 7 1968
11114 8 99
11114 9 18
11114 10 17
15240 1 16
15240 2 109
15240 3 504
15240 4 4155
15240 5 12173
15240 6 9488
15240 7 2071
15240 8 155
15240 9 19
23783 1 18
23783 2 136
23783 3 627
23783 4 3356
23783 5 12010
23783 6 10770
23783 7 1625
23783 8 99
23783 9 49
689 1 14
689 2 131
689 3 980
689 4 5726
689 5 13225
689 6 7859
689 7 683
689 8 49
689 9 23
5967 1 20
5967 2 245
5967 3 1588
5967 4 9403
5967 5 13255
5967 6 3693
5967 7 465
5967 8 21
24109 1 19
24109 2 184
24109 3 1359
24109 4 7934
24109 5 14073
24109 6 4786
24109 7 315
24109 8 20
17844 1 18
17844 2 241
17844 3 1875
17844 4 9698
17844 5 13753
17844 6 2899
17844 7 187
17844 8 19
19140 1 24
19140 2 245
19140 3 2598
19140 4 11562
19140 5 11346
19140 6 2674
19140 7 238
19140 8 3
16389 1 21
16389 2 491
16389 3 3963
16389 4 10548
16389 5 10643
16389 6 2772
16389 7 233
16389 8 19
8390 1 24
8390 2 180
8390 3 1672
8390 4 4969
8390 5 13403
8390 6 7711
8390 7 640
8390 8 72
8390 9 19
1826 1 28
1826 2 138
1826 3 1505
1826 4 8750
1826 5 12551
1826 6 5198
1826 7 498
1826 8 22
13497 1 18
13497 2 139
13497 3 1429
13497 4 5904
13497 5 14195
13497 6 6501
13497 7 483
13497 8 21
8575 1 18
8575 2 155
8575 3 1181
8575 4 6470
8575 5 14506
8575 6 5880
8575 7 416
8575 8 45
8575 9 19
20384 1 16
20384 2 164
20384 3 564
20384 4 4202
20384 5 12828
20384 6 9683
20384 7 1114
20384 8 96
20384 9 23
2280 1 10
2280 2 88
2280 3 460
2280 4 4772
2280 5 12414
2280 6 8953
2280 7 1843
2280 8 148
2280 9 2
18296 1 26
18296 2 246
18296 3 1602
18296 4 5719
18296 5 14407
18296 6 6176
18296 7 475
18296 8 22
18296 9 17
15045 1 12
15045 2 110
15045 3 311
15045 4 2969
15045 5 10255
15045 6 12466
15045 7 2393
15045 8 139
15045 9 18
15045 10 17
15467 1 15
15467 2 137
15467 3 1225
15467 4 5942
15467 5 14183
15467 6 6448
15467 7 689
15467 8 34
15467 9 17
19549 1 15
19549 2 215
19549 3 2129
19549 4 10597
19549 5 13542
19549 6 2015
19549 7 157
19549 8 20
7867 1 33
7867 2 491
7867 3 2762
7867 4 11046
7867 5 12335
7867 6 1905
7867 7 83
7867 8 18
7867 9 17
9975 1 14
9975 2 131
9975 3 861
9975 4 2872
9975 5 10891
9975 6 11479
9975 7 2300
9975 8 119
9975 9 23
20555 1 13
20555 2 298
20555 3 2238
20555 4 12039
20555 5 12158
20555 6 1804
20555 7 104
20555 8 19
20555 9 17
14270 1 11
14270 2 145
14270 3 629
14270 4 4591
14270 5 14796
14270 6 7658
14270 7 807
14270 8 36
14270 9 17
11975 1 14
11975 2 214
11975 3 2048
11975 4 8662
11975 5 13181
11975 6 4211
11975 7 333
11975 8 27
13355 1 11
13355 2 94
13355 3 745
13355 4 5458
13355 5 12095
13355 6 8145
13355 7 2017
13355 8 108
13355 9 17
5453 1 37
5453 2 386
5453 3 2309
5453 4 9613
5453 5 13412
5453 6 2777
5453 7 136
5453 8 20
17180 1 19
17180 2 514
17180 3 5882
17180 4 15638
17180 5 6194
17180 6 406
17180 7 20
17180 8 17
13775 1 14
13775 2 104
13775 3 747
13775 4 5999
13775 5 12026
13775 6 8074
13775 7 1600
13775 8 124
13775 9 2
2700 1 28
2700 2 244
2700 3 1479
2700 4 7828
2700 5 15349
2700 6 3549
2700 7 175
2700 8 21
2700 9 17
16319 1 21
16319 2 223
16319 3 3058
16319 4 12230
16319 5 10996
16319 6 2043
16319 7 111
16319 8 8
19858 1 12
19858 2 157
19858 3 1752
19858 4 7612
19858 5 13404
19858 6 5290
19858 7 443
19858 8 20
15735 1 20
15735 2 229
15735 3 1847
15735 4 8332
15735 5 12045
15735 6 5815
15735 7 366
15735 8 19
15735 9 17
25057 1 19
25057 2 194
25057 3 2057
25057 4 11492
25057 5 11409
25057 6 3264
25057 7 226
25057 8 12
25057 9 17
8506 1 25
8506 2 158
8506 3 1281
8506 4 6768
8506 5 13865
8506 6 6088
8506 7 454
8506 8 50
8506 9 1
5052 1 5
5052 2 116
5052 3 1086
5052 4 5487
5052 5 13271
5052 6 7721
5052 7 956
5052 8 31
5052 9 17
11170 1 13
11170 2 179
11170 3 1338
11170 4 6955
11170 5 15005
11170 6 4989
11170 7 175
11170 8 19
11170 9 17
27030 1 18
27030 2 523
27030 3 3761
27030 4 11280
27030 5 11559
27030 6 1415
27030 7 99
27030 8 18
27030 9 17
15385 1 15
15385 2 98
15385 3 547
15385 4 3248
15385 5 8960
15385 6 12649
15385 7 2982
15385 8 161
15385 9 13
15385 10 17
6037 1 9
6037 2 169
6037 3 1039
6037 4 5359
6037 5 13766
6037 6 7363
6037 7 879
6037 8 87
6037 9 19
10537 1 7
10537 2 24
10537 3 67
10537 4 727
10537 5 3906
10537 6 13887
10537 7 9087
10537 8 908
10537 9 60
10537 10 17
14562 1 20
14562 2 204
14562 3 2466
14562 4 9182
14562 5 11182
14562 6 4687
14562 7 848
14562 8 99
14562 9 2
1422 1 3
1422 2 43
1422 3 358
1422 4 2329
1422 5 10622
1422 6 12012
1422 7 3011
1422 8 287
1422 9 25
3872 1 26
3872 2 192
3872 3 1274
3872 4 7486
3872 5 14696
3872 6 4633
3872 7 351
3872 8 15
3872 9 17
6949 1 12
6949 2 55
6949 3 232
6949 4 1589
6949 5 8341
6949 6 14733
6949 7 3452
6949 8 241
6949 9 18
6949 10 17
13766 1 12
13766 2 81
13766 3 195
13766 4 1271
13766 5 8060
13766 6 14602
13766 7 4171
13766 8 260
13766 9 21
13766 10 17
11909 1 17
11909 2 173
11909 3 1557
11909 4 7010
11909 5 12251
11909 6 6246
11909 7 1364
11909 8 55
11909 9 17
8578 1 19
8578 2 209
8578 3 2049
8578 4 6720
8578 5 14482
8578 6 4852
8578 7 330
8578 8 29
12030 1 12
12030 2 178
12030 3 1723
12030 4 7091
12030 5 13696
12030 6 5537
12030 7 396
12030 8 39
12030 9 18
3956 1 8
3956 2 56
3956 3 487
3956 4 3622
3956 5 12537
3956 6 10872
3956 7 1000
3956 8 83
3956 9 25
7135 1 22
7135 2 196
7135 3 1925
7135 4 8290
7135 5 14325
7135 6 3737
7135 7 176
7135 8 19
22222 1 9
22222 2 92
22222 3 570
22222 4 4528
22222 5 12979
22222 6 8659
22222 7 1710
22222 8 125
22222 9 18
25547 1 16
25547 2 393
25547 3 1828
25547 4 6505
25547 5 14129
25547 6 5488
25547 7 296
25547 8 18
25547 9 17
9472 1 15
9472 2 133
9472 3 1224
9472 4 7612
9472 5 15324
9472 6 4116
9472 7 235
9472 8 14
9472 9 17
19397 1 15
19397 2 88
19397 3 366
19397 4 1570
19397 5 4610
19397 6 12372
19397 7 8672
19397 8 949
19397 9 47
19397 10 1
26125 1 22
26125 2 183
26125 3 1871
26125 4 9911
26125 5 13324
26125 6 3163
26125 7 208
26125 8 8
23034 1 9
23034 2 121
23034 3 1325
23034 4 8870
23034 5 13009
23034 6 4925
23034 7 379
23034 8 52
9584 1 9
9584 2 375
9584 3 2235
9584 4 9323
9584 5 13286
9584 6 3256
9584 7 170
9584 8 19
9584 9 17
7543 1 14
7543 2 183
7543 3 2572
7543 4 8344
7543 5 11507
7543 6 5150
7543 7 854
7543 8 64
7543 9 2
21119 1 9
21119 2 637
21119 3 4199
21119 4 12128
21119 5 10381
21119 6 1225
21119 7 88
21119 8 23
16847 1 17
16847 2 315
16847 3 2796
16847 4 11094
16847 5 11820
16847 6 2459
16847 7 169
16847 8 20
26361 1 22
26361 2 322
26361 3 3456
26361 4 11674
26361 5 10310
26361 6 2628
26361 7 259
26361 8 19
26866 1 17
26866 2 260
26866 3 2212
26866 4 11364
26866 5 13076
26866 6 1706
26866 7 27
26866 8 11
26866 9 17
10104 1 14
10104 2 119
10104 3 947
10104 4 5710
10104 5 13521
10104 6 7523
10104 7 771
10104 8 79
10104 9 6
8463 1 19
8463 2 142
8463 3 579
8463 4 4888
8463 5 13226
8463 6 8444
8463 7 1295
8463 8 73
8463 9 24
15792 1 14
15792 2 73
15792 3 318
15792 4 2340
15792 5 9158
15792 6 12212
15792 7 4305
15792 8 251
15792 9 19
23929 1 18
23929 2 303
23929 3 2166
23929 4 8797
23929 5 13705
23929 6 3404
23929 7 266
23929 8 31
119 1 135
119 2 2074
119 3 8629
119 4 11889
119 5 5099
119 6 796
119 7 68
10871 1 9
10871 2 300
10871 3 2460
10871 4 8248
10871 5 12107
10871 6 4866
10871 7 643
10871 8 40
10871 9 17
9260 1 15
9260 2 25
9260 3 44
9260 4 295
9260 5 2279
9260 6 9538
9260 7 12681
9260 8 3584
9260 9 210
9260 10 19
17087 1 21
17087 2 198
17087 3 794
17087 4 3125
17087 5 12268
17087 6 10321
17087 7 1845
17087 8 98
17087 9 20
18247 1 27
18247 2 161
18247 3 606
18247 4 3700
18247 5 12287
18247 6 9876
18247 7 1908
18247 8 101
18247 9 24
18559 1 32
18559 2 291
18559 3 2194
18559 4 9747
18559 5 13772
18559 6 2502
18559 7 127
18559 8 25
16436 1 20
16436 2 540
16436 3 5594
16436 4 15449
16436 5 6613
16436 6 435
16436 7 22
16436 8 17
18061 1 27
18061 2 274
18061 3 2850
18061 4 10684
18061 5 12204
18061 6 2493
18061 7 140
18061 8 18
11813 1 15
11813 2 522
11813 3 4542
11813 4 11409
11813 5 9597
11813 6 2389
11813 7 197
11813 8 19
22150 1 13
22150 2 135
22150 3 445
22150 4 3428
22150 5 13152
22150 6 10243
22150 7 1173
22150 8 95
22150 9 6
23442 1 16
23442 2 84
23442 3 104
23442 4 140
23442 5 1655
23442 6 9418
23442 7 14173
23442 8 3015
23442 9 68
23442 10 17
26614 1 19
26614 2 330
26614 3 1570
26614 4 5314
26614 5 13845
26614 6 6896
26614 7 627
26614 8 66
26614 9 23
13584 1 10
13584 2 133
13584 3 361
13584 4 2201
13584 5 10082
13584 6 13276
13584 7 2537
13584 8 84
13584 9 6
15143 1 12
15143 2 158
15143 3 1893
15143 4 8739
15143 5 13988
15143 6 3664
15143 7 201
15143 8 18
15143 9 17
24023 1 17
24023 2 29
24023 3 260
24023 4 2454
24023 5 7507
24023 6 14500
24023 7 3642
24023 8 246
24023 9 18
24023 10 17
21332 1 17
21332 2 90
21332 3 277
21332 4 2174
21332 5 9894
21332 6 12585
21332 7 3419
21332 8 232
21332 9 2
16601 1 26
16601 2 294
16601 3 4339
16601 4 14492
16601 5 8459
16601 6 1009
16601 7 43
16601 8 11
16601 9 17
6950 1 13
6950 2 110
6950 3 1565
6950 4 8022
6950 5 14287
6950 6 4391
6950 7 293
6950 8 9
26146 1 20
26146 2 238
26146 3 2792
26146 4 13263
26146 5 10920
26146 6 1339
26146 7 100
26146 8 18
25456 1 18
25456 2 271
25456 3 2476
25456 4 10628
25456 5 11914
25456 6 3019
25456 7 344
25456 8 20
27716 1 19
27716 2 260
27716 3 2191
27716 4 7017
27716 5 14683
27716 6 4317
27716 7 168
27716 8 18
27716 9 17
8680 1 13
8680 2 78
8680 3 457
8680 4 5613
8680 5 15226
8680 6 6742
8680 7 514
8680 8 47
14898 1 16
14898 2 169
14898 3 1613
14898 4 9105
14898 5 13531
14898 6 3980
14898 7 250
14898 8 26
1614 1 8
1614 2 116
1614 3 1040
1614 4 7318
1614 5 11461
1614 6 7021
1614 7 1615
1614 8 109
1614 9 2
25128 1 19
25128 2 544
25128 3 4612
25128 4 14178
25128 5 8237
25128 6 1054
25128 7 46
20395 1 9
20395 2 358
20395 3 3078
20395 4 10482
20395 5 11165
20395 6 3308
20395 7 270
20395 8 20
15777 1 15
15777 2 139
15777 3 1012
15777 4 5861
15777 5 14174
15777 6 6833
15777 7 583
15777 8 55
15777 9 18
16324 1 29
16324 2 577
16324 3 3416
16324 4 10250
16324 5 12267
16324 6 1998
16324 7 122
16324 8 14
16324 9 17
21993 1 9
21993 2 86
21993 3 187
21993 4 1892
21993 5 9588
21993 6 13818
21993 7 2993
21993 8 115
21993 9 2
20103 1 6
20103 2 56
20103 3 515
20103 4 3922
20103 5 12850
20103 6 8867
20103 7 2353
20103 8 119
20103 9 2
6188 1 24
6188 2 166
6188 3 1559
6188 4 7654
6188 5 13776
6188 6 5096
6188 7 384
6188 8 14
6188 9 17
24392 1 14
24392 2 163
24392 3 1783
24392 4 7420
24392 5 13773
24392 6 5154
24392 7 373
24392 8 10
24709 1 19
24709 2 228
24709 3 1375
24709 4 6505
24709 5 15073
24709 6 4993
24709 7 433
24709 8 62
24709 9 2
25734 1 20
25734 2 241
25734 3 1622
25734 4 5935
25734 5 14213
25734 6 6165
25734 7 464
25734 8 30
26350 1 23
26350 2 89
26350 3 797
26350 4 4754
26350 5 14908
26350 6 7497
26350 7 583
26350 8 22
26350 9 17
5394 1 24
5394 2 339
5394 3 1729
5394 4 6050
5394 5 13269
5394 6 6768
5394 7 476
5394 8 18
5394 9 17
23047 1 14
23047 2 495
23047 3 4003
23047 4 10969
23047 5 10655
23047 6 2350
23047 7 184
23047 8 20
19067 1 27
19067 2 308
19067 3 1270
19067 4 6704
19067 5 14440
19067 6 5582
19067 7 335
19067 8 24
20764 1 15
20764 2 151
20764 3 1030
20764 4 5447
20764 5 14563
20764 6 6957
20764 7 466
20764 8 59
20764 9 2
11610 1 12
11610 2 157
11610 3 1105
11610 4 8412
11610 5 14825
11610 6 3986
11610 7 176
11610 8 17
9752 1 26
9752 2 293
9752 3 2707
9752 4 13882
9752 5 10595
9752 6 1129
9752 7 41
9752 8 17
3057 1 21
3057 2 193
3057 3 1917
3057 4 8364
3057 5 12321
3057 6 5066
3057 7 746
3057 8 45
3057 9 17
2436 1 10
2436 2 136
2436 3 1058
2436 4 6494
2436 5 13607
2436 6 6552
2436 7 790
2436 8 26
2436 9 17
7728 1 10
7728 2 167
7728 3 854
7728 4 3381
7728 5 10844
7728 6 11531
7728 7 1786
7728 8 83
7728 9 17
7728 10 17
20597 1 14
20597 2 321
20597 3 3230
20597 4 9666
20597 5 11790
20597 6 3429
20597 7 220
20597 8 20
23745 1 13
23745 2 267
23745 3 3022
23745 4 11889
23745 5 10410
23745 6 2861
23745 7 226
23745 8 2
19749 1 9
19749 2 105
19749 3 1477
19749 4 6042
19749 5 14345
19749 6 6250
19749 7 399
19749 8 44
19749 9 19
24055 1 16
24055 2 163
24055 3 775
24055 4 4911
24055 5 14575
24055 6 7555
24055 7 657
24055 8 21
24055 9 17
22184 1 11
22184 2 128
22184 3 853
22184 4 4580
22184 5 12146
22184 6 9680
22184 7 1188
22184 8 80
22184 9 24
9522 1 11
9522 2 389
9522 3 3365
9522 4 12162
9522 5 10306
9522 6 2314
9522 7 141
9522 8 2
13974 1 15
13974 2 185
13974 3 1801
13974 4 7859
13974 5 13186
13974 6 5097
13974 7 478
13974 8 52
13974 9 17
9359 1 25
9359 2 140
9359 3 443
9359 4 3087
9359 5 12423
9359 6 10442
9359 7 1986
9359 8 119
9359 9 25
2982 1 16
2982 2 142
2982 3 1204
2982 4 3745
2982 5 13345
2982 6 9107
2982 7 1025
2982 8 71
2982 9 18
2982 10 17
14816 1 12
14816 2 81
14816 3 146
14816 4 1107
14816 5 5972
14816 6 13577
14816 7 7156
14816 8 568
14816 9 48
14816 10 23
11983 1 13
11983 2 500
11983 3 3564
11983 4 12627
11983 5 10844
11983 6 1072
11983 7 53
11983 8 17
5238 1 19
5238 2 136
5238 3 759
5238 4 2813
5238 5 9475
5238 6 13128
5238 7 2257
5238 8 74
5238 9 12
5238 10 17
15824 1 25
15824 2 327
15824 3 3596
15824 4 11973
15824 5 11124
15824 6 1510
15824 7 132
15824 8 3
28791 1 8
28791 2 101
28791 3 911
28791 4 5724
28791 5 15169
28791 6 6236
28791 7 502
28791 8 22
28791 9 17
22187 1 9
22187 2 102
22187 3 836
22187 4 4639
22187 5 14139
22187 6 8222
22187 7 696
22187 8 45
22187 9 2
11069 1 10
11069 2 89
11069 3 765
11069 4 4120
11069 5 13747
11069 6 8820
11069 7 1060
11069 8 62
11069 9 17
4482 1 14
4482 2 122
4482 3 621
4482 4 3966
4482 5 11162
4482 6 11144
4482 7 1527
4482 8 110
4482 9 24
369 1 6
369 2 219
369 3 2520
369 4 9514
369 5 12303
369 6 3772
369 7 336
369 8 20
24272 1 18
24272 2 305
24272 3 3193
24272 4 11321
24272 5 10689
24272 6 2913
24272 7 232
24272 8 19
6067 1 14
6067 2 117
6067 3 1043
6067 4 6318
6067 5 13049
6067 6 6523
6067 7 1536
6067 8 73
6067 9 17
12345 1 10
12345 2 95
12345 3 716
12345 4 5325
12345 5 12946
12345 6 8708
12345 7 851
12345 8 22
12345 9 17
5460 1 8
5460 2 227
5460 3 2237
5460 4 9199
5460 5 12905
5460 6 3752
5460 7 352
5460 8 10
1702 1 4
1702 2 367
1702 3 2983
1702 4 8895
1702 5 13956
1702 6 2346
1702 7 104
1702 8 18
1702 9 17
631 1 15
631 2 419
631 3 2330
631 4 7344
631 5 13872
631 6 4439
631 7 251
631 8 20
4904 1 9
4904 2 197
4904 3 1532
4904 4 7547
4904 5 13959
4904 6 5055
4904 7 365
4904 8 26
22748 1 9
22748 2 288
22748 3 2510
22748 4 8687
22748 5 14082
22748 6 2884
22748 7 194
22748 8 19
22748 9 17
6252 1 19
6252 2 331
6252 3 1842
6252 4 10912
6252 5 12845
6252 6 2540
6252 7 165
6252 8 19
6252 9 17
12676 1 9
12676 2 449
12676 3 3201
12676 4 12849
12676 5 10995
12676 6 1108
12676 7 62
12676 8 17
3719 1 26
3719 2 371
3719 3 2831
3719 4 12013
3719 5 11225
3719 6 2098
3719 7 107
3719 8 19
5628 1 20
5628 2 135
5628 3 861
5628 4 5504
5628 5 15126
5628 6 6473
5628 7 534
5628 8 20
5628 9 17
6266 1 12
6266 2 101
6266 3 715
6266 4 2438
6266 5 11657
6266 6 11764
6266 7 1907
6266 8 79
6266 9 17
3102 1 15
3102 2 330
3102 3 1914
3102 4 6532
3102 5 13434
3102 6 5977
3102 7 450
3102 8 21
3102 9 17
4532 1 9
4532 2 86
4532 3 634
4532 4 5276
4532 5 13491
4532 6 8452
4532 7 670
4532 8 53
4532 9 19
9199 1 16
9199 2 69
9199 3 173
9199 4 2257
9199 5 10878
9199 6 12441
9199 7 2643
9199 8 194
9199 9 19
26184 1 20
26184 2 438
26184 3 2686
26184 4 8509
26184 5 13996
26184 6 2854
26184 7 162
26184 8 25
5921 1 27
5921 2 298
5921 3 3505
5921 4 11194
5921 5 10947
5921 6 2518
5921 7 199
5921 8 2
17514 1 24
17514 2 520
17514 3 3617
17514 4 10759
17514 5 12206
17514 6 1459
17514 7 70
17514 8 18
17514 9 17
26347 1 19
26347 2 195
26347 3 1470
26347 4 8459
26347 5 13775
26347 6 4356
26347 7 379
26347 8 20
26347 9 17
4946 1 8
4946 2 61
4946 3 1030
4946 4 6452
4946 5 11803
4946 6 7243
4946 7 1941
4946 8 135
4946 9 17
1121 1 17
1121 2 238
1121 3 1219
1121 4 5989
1121 5 12456
1121 6 7888
1121 7 797
1121 8 63
1121 9 23
6349 1 22
6349 2 137
6349 3 1247
6349 4 7566
6349 5 13233
6349 6 5744
6349 7 666
6349 8 58
6349 9 17
21256 1 10
21256 2 102
21256 3 735
21256 4 4324
21256 5 12905
21256 6 8801
21256 7 1695
21256 8 116
21256 9 2
12436 1 15
12436 2 65
12436 3 288
12436 4 3388
12436 5 11469
12436 6 10922
12436 7 2393
12436 8 131
12436 9 19
27605 1 20
27605 2 330
27605 3 2444
27605 4 10021
27605 5 10874
27605 6 4425
27605 7 532
27605 8 44
27624 1 22
27624 2 185
27624 3 721
27624 4 5511
27624 5 14244
27624 6 7328
27624 7 615
27624 8 58
27624 9 6
2757 1 5
2757 2 71
2757 3 139
2757 4 1308
2757 5 7261
2757 6 13191
2757 7 5872
2757 8 749
2757 9 92
2757 10 2
26246 1 20
26246 2 386
26246 3 3555
26246 4 13136
26246 5 10594
26246 6 964
26246 7 18
26246 8 17
4124 1 13
4124 2 521
4124 3 5143
4124 4 11041
4124 5 9225
4124 6 2479
4124 7 249
4124 8 19
5095 1 21
5095 2 99
5095 3 63
5095 4 1081
5095 5 6596
5095 6 13839
5095 7 6340
5095 8 636
5095 9 15
26028 1 19
26028 2 191
26028 3 1581
26028 4 6931
26028 5 14838
26028 6 4899
26028 7 222
26028 8 9
16045 1 18
16045 2 224
16045 3 1929
16045 4 8260
16045 5 13986
16045 6 4003
16045 7 260
16045 8 10
5758 1 22
5758 2 187
5758 3 1733
5758 4 11508
5758 5 13232
5758 6 1904
5758 7 87
5758 8 17
12885 1 9
12885 2 641
12885 3 4471
12885 4 13598
12885 5 9164
12885 6 776
12885 7 31
19803 1 11
19803 2 101
19803 3 1288
19803 4 7543
19803 5 12242
19803 6 6516
19803 7 893
19803 8 77
19803 9 19
15870 1 14
15870 2 117
15870 3 1080
15870 4 6451
15870 5 11790
15870 6 7421
15870 7 1713
15870 8 87
15870 9 17
24220 1 18
24220 2 494
24220 3 3555
24220 4 10793
24220 5 12180
24220 6 1523
24220 7 103
24220 8 24
1136 1 30
1136 2 174
1136 3 757
1136 4 6294
1136 5 15093
1136 6 5744
1136 7 553
1136 8 28
1136 9 17
11376 1 12
11376 2 226
11376 3 1092
11376 4 4052
11376 5 12021
11376 6 9943
11376 7 1250
11376 8 77
11376 9 17
1715 1 15
1715 2 223
1715 3 1060
1715 4 5595
1715 5 13990
1715 6 7163
1715 7 612
1715 8 32
7614 1 22
7614 2 441
7614 3 3696
7614 4 10775
7614 5 10481
7614 6 2987
7614 7 285
7614 8 3
7457 1 32
7457 2 148
7457 3 618
7457 4 5905
7457 5 14430
7457 6 6934
7457 7 602
7457 8 21
15621 1 20
15621 2 365
15621 3 2357
15621 4 9002
15621 5 14301
15621 6 2474
15621 7 147
15621 8 24
14347 1 25
14347 2 312
14347 3 1426
14347 4 4420
14347 5 12929
14347 6 8709
14347 7 824
14347 8 28
14347 9 17
25932 1 17
25932 2 171
25932 3 2766
25932 4 13085
25932 5 11174
25932 6 1393
25932 7 67
25932 8 17
19164 1 15
19164 2 94
19164 3 294
19164 4 2707
19164 5 10097
19164 6 12189
19164 7 3024
19164 8 266
19164 9 4
1507 1 13
1507 2 169
1507 3 931
1507 4 4913
1507 5 15278
1507 6 6821
1507 7 527
1507 8 21
1507 9 17
27780 1 17
27780 2 554
27780 3 5562
27780 4 15473
27780 5 6659
27780 6 388
27780 7 20
27780 8 17
24944 1 19
24944 2 551
24944 3 3791
24944 4 11805
24944 5 10328
24944 6 2028
24944 7 148
24944 8 20
24451 1 16
24451 2 112
24451 3 608
24451 4 3405
24451 5 8983
24451 6 12434
24451 7 2941
24451 8 161
24451 9 13
24451 10 17
5063 1 9
5063 2 89
5063 3 1166
5063 4 7285
5063 5 13123
5063 6 6188
5063 7 797
5063 8 33
23035 1 7
23035 2 64
23035 3 393
23035 4 3093
23035 5 11100
23035 6 12170
23035 7 1719
23035 8 109
23035 9 18
23035 10 17
4138 1 8
4138 2 59
4138 3 595
4138 4 3162
4138 5 11672
4138 6 11618
4138 7 1422
4138 8 129
4138 9 25
25321 1 21
25321 2 167
25321 3 1191
25321 4 5970
25321 5 12839
25321 6 7735
25321 7 695
25321 8 55
25321 9 17
27821 1 18
27821 2 508
27821 3 3103
27821 4 12325
27821 5 11425
27821 6 1232
27821 7 62
27821 8 17
23301 1 8
23301 2 95
23301 3 696
23301 4 5876
23301 5 14002
23301 6 6709
23301 7 1216
23301 8 69
23301 9 19
28302 1 21
28302 2 221
28302 3 2000
28302 4 10621
28302 5 12589
28302 6 3027
28302 7 192
28302 8 19
5245 1 18
5245 2 215
5245 3 2456
5245 4 12294
5245 5 11874
5245 6 1736
5245 7 78
5245 8 19
11838 1 12
11838 2 146
11838 3 1730
11838 4 7730
11838 5 13674
11838 6 5179
11838 7 194
11838 8 25
18173 1 17
18173 2 134
18173 3 1201
18173 4 7911
18173 5 13117
18173 6 5814
18173 7 444
18173 8 35
18173 9 17
23327 1 13
23327 2 78
23327 3 874
23327 4 5912
23327 5 13462
23327 6 7507
23327 7 795
23327 8 32
23327 9 17
8376 1 15
8376 2 84
8376 3 1253
8376 4 7121
8376 5 14411
8376 6 5370
8376 7 397
8376 8 22
8376 9 17
6417 1 12
6417 2 104
6417 3 687
6417 4 5391
6417 5 13390
6417 6 8041
6417 7 950
6417 8 113
6417 9 2
27183 1 15
27183 2 206
27183 3 2336
27183 4 9742
27183 5 12162
27183 6 3814
27183 7 384
27183 8 14
27183 9 17
12038 1 16
12038 2 245
12038 3 2241
12038 4 6483
12038 5 14993
12038 6 4284
12038 7 385
12038 8 26
12038 9 17
2807 1 20
2807 2 514
2807 3 3850
2807 4 13289
2807 5 9921
2807 6 1038
2807 7 58
12315 1 16
12315 2 228
12315 3 1984
12315 4 9040
12315 5 13483
12315 6 3689
12315 7 231
12315 8 19
23536 1 20
23536 2 413
23536 3 3450
23536 4 10477
23536 5 12219
23536 6 1876
23536 7 207
23536 8 28
22149 1 11
22149 2 134
22149 3 1049
22149 4 3941
22149 5 13081
22149 6 9528
22149 7 911
22149 8 35
20794 1 16
20794 2 189
20794 3 2185
20794 4 10046
20794 5 13034
20794 6 3058
20794 7 160
20794 8 2
11933 1 27
11933 2 220
11933 3 1145
11933 4 5022
11933 5 14644
11933 6 7081
11933 7 519
11933 8 32
24017 1 22
24017 2 296
24017 3 3616
24017 4 12235
24017 5 10817
24017 6 1573
24017 7 113
24017 8 18
164 1 142
164 2 1522
164 3 7330
164 4 13685
164 5 5159
164 6 788
164 7 58
164 8 6
27287 1 14
27287 2 578
27287 3 3565
27287 4 9033
27287 5 13114
27287 6 2227
27287 7 124
27287 8 18
27287 9 17
18525 1 17
18525 2 236
18525 3 2415
18525 4 9362
18525 5 14066
18525 6 2487
18525 7 84
18525 8 23
18666 1 17
18666 2 564
18666 3 2353
18666 4 7357
18666 5 13934
18666 6 4226
18666 7 209
18666 8 13
18666 9 17
13642 1 14
13642 2 98
13642 3 690
13642 4 2551
13642 5 8361
13642 6 13659
13642 7 3149
13642 8 149
13642 9 19
2227 1 8
2227 2 146
2227 3 1786
2227 4 9221
2227 5 12995
2227 6 4142
2227 7 356
2227 8 19
2227 9 17
5884 1 25
5884 2 265
5884 3 2276
5884 4 8364
5884 5 14270
5884 6 3346
5884 7 121
5884 8 23
3176 1 21
3176 2 129
3176 3 1298
3176 4 7229
3176 5 13313
3176 6 6211
3176 7 418
3176 8 71
16413 1 28
16413 2 317
16413 3 2894
16413 4 10302
16413 5 11296
16413 6 3540
16413 7 283
16413 8 13
16413 9 17
27143 1 18
27143 2 208
27143 3 2335
27143 4 10690
27143 5 13454
27143 6 1832
27143 7 118
27143 8 18
27143 9 17
25370 1 20
25370 2 299
25370 3 1294
25370 4 4811
25370 5 12213
25370 6 9132
25370 7 873
25370 8 31
25370 9 17
28324 1 21
28324 2 838
28324 3 5572
28324 4 13554
28324 5 8068
28324 6 606
28324 7 31
15031 1 14
15031 2 113
15031 3 1256
15031 4 7743
15031 5 14043
15031 6 5168
15031 7 333
15031 8 20
26110 1 21
26110 2 180
26110 3 1073
26110 4 5311
26110 5 13893
26110 6 7376
26110 7 770
26110 8 66
5948 1 35
5948 2 270
5948 3 3341
5948 4 12217
5948 5 10874
5948 6 1854
5948 7 99
24996 1 26
24996 2 246
24996 3 1313
24996 4 3026
24996 5 10332
24996 6 11515
24996 7 2125
24996 8 78
24996 9 12
24996 10 17
21626 1 14
21626 2 119
21626 3 1316
21626 4 9285
21626 5 14046
21626 6 3590
21626 7 249
21626 8 54
21626 9 17
15633 1 14
15633 2 190
15633 3 1693
15633 4 7991
15633 5 14264
15633 6 4214
15633 7 315
15633 8 9
17991 1 19
17991 2 138
17991 3 499
17991 4 3053
17991 5 10015
17991 6 11647
17991 7 3107
17991 8 156
17991 9 56
27053 1 16
27053 2 956
27053 3 8155
27053 4 15061
27053 5 4226
27053 6 241
27053 7 18
27053 8 17
603 1 19
603 2 128
603 3 81
603 4 857
603 5 5125
603 6 14396
603 7 7574
603 8 484
603 9 26
28241 1 17
28241 2 217
28241 3 1928
28241 4 9970
28241 5 12226
28241 6 4060
28241 7 252
28241 8 20
28375 1 21
28375 2 248
28375 3 2053
28375 4 10000
28375 5 13663
28375 6 2562
28375 7 107
28375 8 19
28375 9 17
5889 1 19
5889 2 462
5889 3 2426
5889 4 7696
5889 5 13944
5889 6 3901
5889 7 212
5889 8 13
5889 9 17
23688 1 17
23688 2 277
23688 3 3511
23688 4 11379
23688 5 11550
23688 6 1867
23688 7 72
23688 8 17
4882 1 6
4882 2 33
4882 3 557
4882 4 4716
4882 5 11796
4882 6 10004
4882 7 1487
4882 8 89
4882 9 2
21767 1 11
21767 2 119
21767 3 1534
21767 4 8462
21767 5 12016
21767 6 5272
21767 7 1216
21767 8 60
27283 1 14
27283 2 314
27283 3 1778
27283 4 6266
27283 5 14413
27283 6 5519
27283 7 349
27283 8 20
27283 9 17
26965 1 15
26965 2 139
26965 3 956
26965 4 3035
26965 5 9314
26965 6 12490
26965 7 2635
26965 8 105
26965 9 1
201 1 26
201 2 210
201 3 2421
201 4 10446
201 5 11381
201 6 3887
201 7 316
201 8 3
2205 1 12
2205 2 144
2205 3 987
2205 4 5926
2205 5 13081
2205 6 7524
2205 7 958
2205 8 57
2205 9 1
15176 1 18
15176 2 191
15176 3 1623
15176 4 7005
15176 5 14407
15176 6 5095
15176 7 319
15176 8 15
15176 9 17
995 1 9
995 2 271
995 3 2281
995 4 9587
995 5 12748
995 6 3543
995 7 248
995 8 3
11384 1 19
11384 2 149
11384 3 2098
11384 4 12552
11384 5 12160
11384 6 1620
11384 7 63
11384 8 12
11384 9 17
10270 1 20
10270 2 401
10270 3 4298
10270 4 11712
10270 5 10168
10270 6 1937
10270 7 135
10270 8 19
8260 1 26
8260 2 261
8260 3 1734
8260 4 7825
8260 5 13735
8260 6 4827
8260 7 234
8260 8 31
8260 9 17
23582 1 15
23582 2 142
23582 3 673
23582 4 5643
23582 5 14468
23582 6 7192
23582 7 487
23582 8 53
23582 9 17
1498 1 5
1498 2 98
1498 3 370
1498 4 2209
1498 5 10606
1498 6 12587
1498 7 2642
1498 8 145
1498 9 28
6280 1 20
6280 2 139
6280 3 980
6280 4 5146
6280 5 14322
6280 6 7538
6280 7 514
6280 8 14
6280 9 17
5928 1 17
5928 2 158
5928 3 1363
5928 4 7069
5928 5 14426
5928 6 5317
5928 7 316
5928 8 24
12206 1 11
12206 2 150
12206 3 1740
12206 4 9210
12206 5 13477
12206 6 3861
12206 7 182
12206 8 57
12206 9 2
25256 1 18
25256 2 181
25256 3 1013
25256 4 8458
25256 5 14323
25256 6 4472
25256 7 223
25256 8 2
6495 1 15
6495 2 139
6495 3 1164
6495 4 7315
6495 5 14137
6495 6 5424
6495 7 469
6495 8 27
6934 1 15
6934 2 400
6934 3 2450
6934 4 10441
6934 5 13037
6934 6 2169
6934 7 142
6934 8 19
6934 9 17
2518 1 11
2518 2 54
2518 3 158
2518 4 1520
2518 5 8131
2518 6 13725
2518 7 4721
2518 8 339
2518 9 14
2518 10 17
14768 1 10
14768 2 134
14768 3 1082
14768 4 6493
14768 5 15064
14768 6 5623
14768 7 254
14768 8 13
14768 9 17
17863 1 21
17863 2 228
17863 3 1791
17863 4 8440
17863 5 13891
17863 6 3965
17863 7 286
17863 8 49
17863 9 19
7379 1 19
7379 2 108
7379 3 1121
7379 4 6664
7379 5 14004
7379 6 5976
7379 7 743
7379 8 54
7379 9 1
19210 1 13
19210 2 439
19210 3 3410
19210 4 11905
19210 5 10501
19210 6 2288
19210 7 132
19210 8 2
250 1 31
250 2 561
250 3 4126
250 4 13508
250 5 9462
250 6 931
250 7 54
250 8 17
23113 1 9
23113 2 99
23113 3 1310
23113 4 5775
23113 5 13356
23113 6 7715
23113 7 394
23113 8 15
23113 9 17
3559 1 3
3559 2 300
3559 3 2059
3559 4 9687
3559 5 13878
3559 6 2581
3559 7 146
3559 8 19
3559 9 17
4965 1 10
4965 2 101
4965 3 1061
4965 4 7757
4965 5 12657
4965 6 6163
4965 7 876
4965 8 65
19950 1 11
19950 2 118
19950 3 943
19950 4 5599
19950 5 13289
19950 6 7477
19950 7 1129
19950 8 122
19950 9 2
20009 1 11
20009 2 19
20009 3 2
20009 4 52
20009 5 432
20009 6 3068
20009 7 11438
20009 8 11545
20009 9 2015
20009 10 106
20009 11 2
3201 1 1
3201 2 145
3201 3 1584
3201 4 6347
3201 5 15039
3201 6 5187
3201 7 355
3201 8 32
12182 1 9
12182 2 138
12182 3 1945
12182 4 9429
12182 5 11392
12182 6 5041
12182 7 698
12182 8 38
21142 1 12
21142 2 70
21142 3 128
21142 4 1864
21142 5 8206
21142 6 13758
21142 7 4320
21142 8 266
21142 9 47
21142 10 19
19106 1 24
19106 2 112
19106 3 282
19106 4 2333
19106 5 9925
19106 6 12530
19106 7 3285
19106 8 197
19106 9 2
14567 1 18
14567 2 234
14567 3 1187
14567 4 7316
14567 5 14561
14567 6 5086
14567 7 264
14567 8 24
9772 1 12
9772 2 320
9772 3 3140
9772 4 11307
9772 5 11032
9772 6 2614
9772 7 245
9772 8 20
20766 1 11
20766 2 358
20766 3 3002
20766 4 11933
20766 5 11490
20766 6 1794
20766 7 85
20766 8 17
3590 1 16
3590 2 122
3590 3 1594
3590 4 8726
3590 5 13357
3590 6 4069
3590 7 767
3590 8 39
1920 1 3
1920 2 48
1920 3 573
1920 4 4203
1920 5 13042
1920 6 9616
1920 7 1094
1920 8 88
1920 9 23
21777 1 10
21777 2 188
21777 3 1662
21777 4 6950
21777 5 12241
21777 6 6096
21777 7 1427
21777 8 97
21777 9 19
3328 1 8
3328 2 65
3328 3 868
3328 4 3506
3328 5 11074
3328 6 11416
3328 7 1601
3328 8 133
3328 9 19
22391 1 11
22391 2 110
22391 3 1044
22391 4 7336
22391 5 12889
22391 6 5990
22391 7 1219
22391 8 72
22391 9 19
8409 1 27
8409 2 174
8409 3 1097
8409 4 6847
8409 5 14057
8409 6 6004
8409 7 464
8409 8 20
13765 1 17
13765 2 181
13765 3 1587
13765 4 11268
13765 5 13768
13765 6 1831
13765 7 38
27655 1 21
27655 2 206
27655 3 1736
27655 4 9052
27655 5 13710
27655 6 3666
27655 7 274
27655 8 25
10443 1 11
10443 2 530
10443 3 5796
10443 4 15991
10443 5 6016
10443 6 307
10443 7 22
10443 8 17
3571 1 5
3571 2 584
3571 3 3877
3571 4 12948
3571 5 10325
3571 6 933
3571 7 18
25768 1 18
25768 2 478
25768 3 3477
25768 4 9928
25768 5 12882
25768 6 1797
25768 7 93
25768 8 17
5715 1 24
5715 2 133
5715 3 1170
5715 4 6269
5715 5 13182
5715 6 6910
5715 7 919
5715 8 66
5715 9 17
27840 1 18
27840 2 128
27840 3 1481
27840 4 8168
27840 5 15090
27840 6 3607
27840 7 169
27840 8 12
27840 9 17
15822 1 18
15822 2 218
15822 3 1075
15822 4 6036
15822 5 14640
15822 6 6224
15822 7 441
15822 8 21
15822 9 17
28023 1 22
28023 2 174
28023 3 988
28023 4 5932
28023 5 14579
28023 6 6358
28023 7 610
28023 8 27
28124 1 23
28124 2 226
28124 3 1607
28124 4 8097
28124 5 14505
28124 6 3866
28124 7 336
28124 8 30
3288 1 6
3288 2 51
3288 3 348
3288 4 3403
3288 5 11533
3288 6 11326
3288 7 1916
3288 8 90
3288 9 17
19672 1 16
19672 2 251
19672 3 2728
19672 4 9670
19672 5 12899
19672 6 2970
19672 7 154
19672 8 2
17568 1 23
17568 2 296
17568 3 1993
17568 4 8589
17568 5 13641
17568 6 3672
17568 7 465
17568 8 11
10782 1 8
10782 2 52
10782 3 639
10782 4 3598
10782 5 11700
10782 6 11337
10782 7 1302
10782 8 37
10782 9 17
14930 1 14
14930 2 248
14930 3 2082
14930 4 9140
14930 5 13244
14930 6 3699
14930 7 237
14930 8 26
12768 1 16
12768 2 182
12768 3 1615
12768 4 7823
12768 5 14396
12768 6 4464
12768 7 170
12768 8 24
7073 1 15
7073 2 116
7073 3 1134
7073 4 6807
7073 5 11811
7073 6 7360
7073 7 1355
7073 8 75
7073 9 17
15611 1 20
15611 2 155
15611 3 966
15611 4 4373
15611 5 12012
15611 6 10100
15611 7 979
15611 8 61
15611 9 24
20914 1 14
20914 2 112
20914 3 865
20914 4 4070
20914 5 13382
20914 6 8941
20914 7 1190
20914 8 87
20914 9 12
20914 10 17
3074 1 10
3074 2 157
3074 3 1514
3074 4 8050
3074 5 11274
3074 6 6375
3074 7 1250
3074 8 60
22236 1 10
22236 2 62
22236 3 382
22236 4 1767
22236 5 7176
22236 6 14769
22236 7 4298
22236 8 207
22236 9 19
20538 1 9
20538 2 135
20538 3 510
20538 4 3873
20538 5 14925
20538 6 8289
20538 7 895
20538 8 37
20538 9 17
2075 1 2
2075 2 421
2075 3 2351
2075 4 7289
2075 5 13915
2075 6 4438
2075 7 243
2075 8 14
2075 9 17
4678 1 11
4678 2 49
4678 3 126
4678 4 55
4678 5 1112
4678 6 6243
4678 7 14706
4678 8 6035
4678 9 327
4678 10 26
25717 1 18
25717 2 298
25717 3 2730
25717 4 10125
25717 5 12370
25717 6 2946
25717 7 201
25717 8 2
3562 1 8
3562 2 141
3562 3 787
3562 4 3242
3562 5 11487
3562 6 11170
3562 7 1730
3562 8 91
3562 9 17
3562 10 17
19485 1 14
19485 2 196
19485 3 2460
19485 4 11121
19485 5 11841
19485 6 2804
19485 7 234
19485 8 20
24885 1 23
24885 2 205
24885 3 1489
24885 4 5773
24885 5 13627
24885 6 6982
24885 7 545
24885 8 29
24885 9 17
14284 1 21
14284 2 270
14284 3 3183
14284 4 11992
14284 5 10705
14284 6 2386
14284 7 130
14284 8 3
25110 1 22
25110 2 481
25110 3 4144
25110 4 10260
25110 5 10547
25110 6 2905
25110 7 312
25110 8 19
16981 1 23
16981 2 535
16981 3 5410
16981 4 15535
16981 5 6746
16981 6 402
16981 7 22
16981 8 17
4218 1 15
4218 2 273
4218 3 2311
4218 4 11239
4218 5 13007
4218 6 1760
4218 7 68
4218 8 17
1352 1 29
1352 2 232
1352 3 1610
1352 4 8750
1352 5 13124
1352 6 4397
1352 7 489
1352 8 59
19110 1 22
19110 2 653
19110 3 5305
19110 4 11437
19110 5 8737
19110 6 2311
19110 7 223
19110 8 2
8590 1 19
8590 2 299
8590 3 2638
8590 4 8574
8590 5 11962
8590 6 4574
8590 7 578
8590 8 46
7862 1 20
7862 2 128
7862 3 1622
7862 4 7973
7862 5 14759
7862 6 3954
7862 7 225
7862 8 9
10264 1 14
10264 2 200
10264 3 1739
10264 4 7916
10264 5 14725
10264 6 3892
10264 7 168
10264 8 19
10264 9 17
12998 1 12
12998 2 117
12998 3 1329
12998 4 7773
12998 5 15006
12998 6 4114
12998 7 301
12998 8 21
12998 9 17
14280 1 21
14280 2 39
14280 3 155
14280 4 1703
14280 5 8967
14280 6 14391
14280 7 3304
14280 8 81
14280 9 12
14280 10 17
13640 1 10
13640 2 86
13640 3 1443
13640 4 7936
13640 5 12441
13640 6 6174
13640 7 531
13640 8 52
13640 9 17
568 1 6
568 2 69
568 3 737
568 4 2902
568 5 8911
568 6 13100
568 7 2795
568 8 141
568 9 12
568 10 17
6374 1 14
6374 2 105
6374 3 559
6374 4 2840
6374 5 8316
6374 6 12854
6374 7 3815
6374 8 157
6374 9 13
6374 10 17
7991 1 11
7991 2 556
7991 3 5005
7991 4 11010
7991 5 9210
7991 6 2625
7991 7 254
7991 8 19
22202 1 13
22202 2 70
22202 3 737
22202 4 4155
22202 5 13877
22202 6 9237
22202 7 533
22202 8 51
22202 9 17
12556 1 18
12556 2 177
12556 3 1139
12556 4 7745
12556 5 14968
12556 6 4306
12556 7 317
12556 8 20
3375 1 20
3375 2 176
3375 3 2253
3375 4 7877
3375 5 14333
3375 6 3736
3375 7 259
3375 8 19
3375 9 17
20835 1 10
20835 2 80
20835 3 689
20835 4 4091
20835 5 13252
20835 6 9328
20835 7 1119
20835 8 89
20835 9 15
20835 10 17
19684 1 17
19684 2 707
19684 3 5164
19684 4 13735
19684 5 8382
19684 6 657
19684 7 28
22235 1 11
22235 2 237
22235 3 2826
22235 4 10615
22235 5 11390
22235 6 3308
22235 7 300
22235 8 3
18583 1 17
18583 2 115
18583 3 855
18583 4 6937
18583 5 13130
18583 6 6466
18583 7 1096
18583 8 74
12956 1 15
12956 2 214
12956 3 3311
12956 4 11396
12956 5 11078
12956 6 2528
12956 7 146
12956 8 2
10380 1 12
10380 2 284
10380 3 1646
10380 4 5496
10380 5 13483
10380 6 7178
10380 7 553
10380 8 21
10380 9 17
25078 1 19
25078 2 239
25078 3 3165
25078 4 13567
25078 5 10569
25078 6 1033
25078 7 75
25078 8 23
22858 1 11
22858 2 178
22858 3 2318
22858 4 10541
22858 5 13569
22858 6 1987
22858 7 69
22858 8 17
16014 1 17
16014 2 275
16014 3 1920
16014 4 8070
16014 5 13707
16014 6 4361
16014 7 309
16014 8 14
16014 9 17
18623 1 28
18623 2 307
18623 3 1607
18623 4 9201
18623 5 13729
18623 6 3576
18623 7 211
18623 8 14
18623 9 17
22379 1 8
22379 2 107
22379 3 1061
22379 4 5468
22379 5 15298
22379 6 6232
22379 7 479
22379 8 37
4416 1 11
4416 2 82
4416 3 586
4416 4 6217
4416 5 13670
4416 6 6843
4416 7 1196
4416 8 68
4416 9 17
10565 1 10
10565 2 174
10565 3 1274
10565 4 6461
10565 5 12587
10565 6 7110
10565 7 999
10565 8 58
10565 9 17
13587 1 17
13587 2 449
13587 3 3850
13587 4 12462
13587 5 9567
13587 6 2167
13587 7 159
13587 8 19
19569 1 14
19569 2 289
19569 3 1868
19569 4 10408
19569 5 13120
19569 6 2780
19569 7 175
19569 8 19
19569 9 17
12868 1 16
12868 2 88
12868 3 206
12868 4 1972
12868 5 11069
12868 6 13163
12868 7 2052
12868 8 106
12868 9 18
10093 1 26
10093 2 501
10093 3 3437
10093 4 12144
10093 5 11114
10093 6 1349
10093 7 95
10093 8 24
2566 1 14
2566 2 168
2566 3 1360
2566 4 3725
2566 5 11586
2566 6 10422
2566 7 1340
2566 8 58
2566 9 17
13297 1 13
13297 2 227
13297 3 1745
13297 4 8348
13297 5 13939
13297 6 4149
13297 7 243
13297 8 26
26995 1 16
26995 2 152
26995 3 838
26995 4 4354
26995 5 11450
26995 6 9869
26995 7 1881
26995 8 111
26995 9 19
10463 1 14
10463 2 51
10463 3 140
10463 4 492
10463 5 3857
10463 6 14154
10463 7 9387
10463 8 553
10463 9 25
10463 10 17
1620 1 7
1620 2 122
1620 3 1383
1620 4 7330
1620 5 13485
1620 6 6013
1620 7 342
1620 8 8
19112 1 20
19112 2 89
19112 3 196
19112 4 1659
19112 5 9446
19112 6 13323
19112 7 3568
19112 8 363
19112 9 26
1497 1 9
1497 2 53
1497 3 325
1497 4 3619
1497 5 13230
1497 6 10520
1497 7 864
1497 8 53
1497 9 17
15786 1 17
15786 2 12
15786 3 1
15786 4 2
15786 5 52
15786 6 432
15786 7 3068
15786 8 11438
15786 9 11545
15786 10 2015
15786 11 106
15786 12 2
3221 1 8
3221 2 125
3221 3 1038
3221 4 4575
3221 5 12258
3221 6 9681
3221 7 909
3221 8 73
3221 9 23
13977 1 18
13977 2 244
13977 3 698
13977 4 4217
13977 5 13584
13977 6 8611
13977 7 1221
13977 8 80
13977 9 17
7929 1 24
7929 2 321
7929 3 3378
7929 4 11927
7929 5 10723
7929 6 2184
7929 7 133
27489 1 21
27489 2 218
27489 3 1945
27489 4 11498
27489 5 12748
27489 6 2081
27489 7 148
27489 8 14
27489 9 17
28412 1 21
28412 2 355
28412 3 2878
28412 4 12827
28412 5 11319
28412 6 1213
28412 7 54
28412 8 23
26145 1 20
26145 2 265
26145 3 1044
26145 4 3572
26145 5 11905
26145 6 10613
26145 7 1235
26145 8 36
20069 1 10
20069 2 108
20069 3 817
20069 4 4669
20069 5 13870
20069 6 8434
20069 7 736
20069 8 44
20069 9 2
6421 1 16
6421 2 112
6421 3 1376
6421 4 7685
6421 5 14015
6421 6 5179
6421 7 276
6421 8 14
6421 9 17
10082 1 10
10082 2 201
10082 3 1940
10082 4 9723
10082 5 12985
10082 6 3531
10082 7 280
10082 8 20
23656 1 16
23656 2 159
23656 3 585
23656 4 4140
23656 5 12549
23656 6 9766
23656 7 1360
23656 8 90
23656 9 25
4771 1 5
4771 2 41
4771 3 574
4771 4 3933
4771 5 12812
4771 6 10137
4771 7 1108
4771 8 63
4771 9 17
5246 1 21
5246 2 171
5246 3 2215
5246 4 9751
5246 5 11852
5246 6 4302
5246 7 348
5246 8 13
5246 9 17
14749 1 18
14749 2 119
14749 3 1189
14749 4 7531
14749 5 12632
14749 6 6147
14749 7 987
14749 8 66
14749 9 1
28104 1 25
28104 2 391
28104 3 2782
28104 4 8308
28104 5 13723
28104 6 3131
28104 7 290
28104 8 23
28104 9 17
17175 1 22
17175 2 478
17175 3 2742
17175 4 10449
17175 5 12793
17175 6 2075
17175 7 100
17175 8 14
17175 9 17
24611 1 19
24611 2 202
24611 3 1938
24611 4 7391
24611 5 14357
24611 6 4513
24611 7 235
24611 8 18
24611 9 17
8138 1 9
8138 2 159
8138 3 1406
8138 4 9368
8138 5 14160
8138 6 3461
8138 7 127
14862 1 12
14862 2 139
14862 3 380
14862 4 3004
14862 5 10874
14862 6 11744
14862 7 2385
14862 8 132
14862 9 20
12281 1 16
12281 2 115
12281 3 573
12281 4 1973
12281 5 9458
12281 6 13402
12281 7 2864
12281 8 249
12281 9 23
12281 10 17
3708 1 3
3708 2 137
3708 3 1728
3708 4 9748
3708 5 13978
3708 6 2931
3708 7 142
3708 8 23
6965 1 12
6965 2 229
6965 3 2287
6965 4 8822
6965 5 12432
6965 6 4547
6965 7 300
6965 8 44
6965 9 17
24588 1 23
24588 2 288
24588 3 2758
24588 4 7534
24588 5 13945
24588 6 3891
24588 7 222
24588 8 29
21652 1 10
21652 2 353
21652 3 2929
21652 4 10553
21652 5 11329
21652 6 3219
21652 7 276
21652 8 21
9604 1 19
9604 2 130
9604 3 602
9604 4 2272
9604 5 7426
9604 6 13478
9604 7 4531
9604 8 208
9604 9 24
2305 1 20
2305 2 295
2305 3 3124
2305 4 11502
2305 5 10745
2305 6 2745
2305 7 239
2305 8 20
5178 1 9
5178 2 469
5178 3 5337
5178 4 15528
5178 5 6862
5178 6 446
5178 7 22
5178 8 17
7088 1 16
7088 2 196
7088 3 2788
7088 4 13506
7088 5 11104
7088 6 1026
7088 7 37
7088 8 17
7817 1 14
7817 2 142
7817 3 1006
7817 4 6388
7817 5 14660
7817 6 5951
7817 7 471
7817 8 58
2470 1 14
2470 2 137
2470 3 1713
2470 4 8808
2470 5 12008
2470 6 5273
2470 7 692
2470 8 28
2470 9 17
28379 1 20
28379 2 138
28379 3 605
28379 4 2548
28379 5 9257
28379 6 12540
28379 7 3360
28379 8 203
28379 9 19
11715 1 22
11715 2 181
11715 3 1543
11715 4 8340
11715 5 14091
11715 6 4108
11715 7 357
11715 8 31
11715 9 17
12239 1 27
12239 2 707
12239 3 3448
12239 4 11429
12239 5 11429
12239 6 1513
12239 7 113
12239 8 24
9628 1 15
9628 2 55
9628 3 139
9628 4 1835
9628 5 8903
9628 6 13838
9628 7 3657
9628 8 228
9628 9 20
21546 1 12
21546 2 155
21546 3 1074
21546 4 2525
21546 5 9107
21546 6 13083
21546 7 2630
21546 8 76
21546 9 11
21546 10 17
2515 1 3
2515 2 342
2515 3 2539
2515 4 7835
2515 5 14346
2515 6 3378
2515 7 210
2515 8 20
2515 9 17
14586 1 10
14586 2 85
14586 3 334
14586 4 3782
14586 5 14665
14586 6 8896
14586 7 869
14586 8 32
14586 9 17
3644 1 6
3644 2 133
3644 3 779
3644 4 5469
3644 5 15173
3644 6 6775
3644 7 317
3644 8 21
3644 9 17
17712 1 15
17712 2 259
17712 3 2852
17712 4 9093
17712 5 11278
17712 6 4603
17712 7 540
17712 8 50
8429 1 26
8429 2 326
8429 3 2936
8429 4 11653
8429 5 11021
8429 6 2518
8429 7 191
8429 8 19
1878 1 8
1878 2 107
1878 3 697
1878 4 2678
1878 5 11302
1878 6 12038
1878 7 1759
1878 8 70
1878 9 14
1878 10 17
15070 1 13
15070 2 541
15070 3 4920
15070 4 10738
15070 5 9229
15070 6 2829
15070 7 400
15070 8 20
136 1 33
136 2 150
136 3 1827
136 4 7411
136 5 15030
136 6 4030
136 7 175
136 8 17
136 9 17
9182 1 27
9182 2 455
9182 3 3793
9182 4 10130
9182 5 10998
9182 6 3078
9182 7 192
9182 8 17
6747 1 20
6747 2 122
6747 3 1287
6747 4 6417
6747 5 13044
6747 6 7273
6747 7 459
6747 8 51
6747 9 17
20367 1 10
20367 2 231
20367 3 1909
20367 4 8134
20367 5 14245
20367 6 3921
20367 7 209
20367 8 14
20367 9 17
22539 1 9
22539 2 441
22539 3 3281
22539 4 12426
22539 5 11381
22539 6 1080
22539 7 55
22539 8 17
28098 1 21
28098 2 310
28098 3 2539
28098 4 10181
28098 5 13203
28098 6 2330
28098 7 89
28098 8 17
28036 1 22
28036 2 280
28036 3 2195
28036 4 8308
28036 5 12765
28036 6 4615
28036 7 478
28036 8 27
20702 1 12
20702 2 113
20702 3 513
20702 4 3210
20702 5 12601
20702 6 9988
20702 7 2062
20702 8 166
20702 9 25
13680 1 9
13680 2 108
13680 3 717
13680 4 3877
13680 5 14594
13680 6 8473
13680 7 864
13680 8 31
13680 9 17
13370 1 16
13370 2 147
13370 3 1723
13370 4 7813
13370 5 13732
13370 6 4890
13370 7 350
13370 8 19
13606 1 19
13606 2 518
13606 3 4005
13606 4 13649
13606 5 9342
13606 6 1090
13606 7 67
20247 1 10
20247 2 197
20247 3 2098
20247 4 9175
20247 5 12269
20247 6 4454
20247 7 466
20247 8 21
2224 1 14
2224 2 108
2224 3 2004
2224 4 9164
2224 5 11994
2224 6 4546
2224 7 815
2224 8 45
12204 1 12
12204 2 224
12204 3 1502
12204 4 8353
12204 5 13981
12204 6 4241
12204 7 349
12204 8 28
2980 1 34
2980 2 109
2980 3 989
2980 4 6143
2980 5 14298
2980 6 6464
2980 7 577
2980 8 53
2980 9 23
2727 1 2
2727 2 23
2727 3 309
2727 4 2771
2727 5 9717
2727 6 13345
2727 7 2349
2727 8 139
2727 9 18
2727 10 17
16531 1 19
16531 2 149
16531 3 795
16531 4 5750
16531 5 15506
16531 6 5970
16531 7 468
16531 8 16
16531 9 17
25947 1 17
25947 2 251
25947 3 2139
25947 4 8415
25947 5 11582
25947 6 5529
25947 7 703
25947 8 54
18804 1 18
18804 2 233
18804 3 1770
18804 4 7234
18804 5 11784
18804 6 6162
18804 7 1410
18804 8 62
18804 9 17
8753 1 7
8753 2 136
8753 3 1409
8753 4 5877
8753 5 14385
8753 6 6446
8753 7 420
8753 8 10
24890 1 21
24890 2 403
24890 3 2717
24890 4 10986
24890 5 12252
24890 6 2192
24890 7 100
24890 8 19
6227 1 10
6227 2 370
6227 3 3502
6227 4 11584
6227 5 10415
6227 6 2600
6227 7 207
6227 8 2
27265 1 17
27265 2 95
27265 3 843
27265 4 8389
27265 5 15709
27265 6 3423
27265 7 189
27265 8 25
24426 1 14
24426 2 317
24426 3 3323
24426 4 10555
24426 5 11122
24426 6 3089
24426 7 251
24426 8 19
7476 1 22
7476 2 235
7476 3 870
7476 4 5703
7476 5 15056
7476 6 5995
7476 7 760
7476 8 32
7476 9 17
13097 1 16
13097 2 491
13097 3 3550
13097 4 13423
13097 5 10088
13097 6 1037
13097 7 67
13097 8 18
13660 1 14
13660 2 381
13660 3 2802
13660 4 11991
13660 5 11629
13660 6 1726
13660 7 127
13660 8 20
284 1 131
284 2 924
284 3 5405
284 4 13473
284 5 7480
284 6 1198
284 7 77
284 8 2
22243 1 7
22243 2 196
22243 3 1246
22243 4 7441
22243 5 13756
22243 6 5298
22243 7 685
22243 8 59
22243 9 2
19295 1 22
19295 2 259
19295 3 1929
19295 4 8441
19295 5 13774
19295 6 3975
19295 7 260
19295 8 13
19295 9 17
7978 1 20
7978 2 243
7978 3 1373
7978 4 8611
7978 5 14195
7978 6 3933
7978 7 288
7978 8 27
6499 1 25
6499 2 147
6499 3 1915
6499 4 11692
6499 5 13032
6499 6 1807
6499 7 44
6499 8 11
6499 9 17
24594 1 21
24594 2 256
24594 3 1307
24594 4 6515
24594 5 15341
24594 6 4832
24594 7 392
24594 8 26
8449 1 14
8449 2 223
8449 3 2561
8449 4 9164
8449 5 12268
8449 6 4188
8449 7 270
8449 8 2
248 1 132
248 2 2406
248 3 10150
248 4 12228
248 5 3574
248 6 170
248 7 13
248 8 17
5490 1 8
5490 2 122
5490 3 1109
5490 4 3995
5490 5 11236
5490 6 10816
5490 7 1308
5490 8 76
5490 9 20
24128 1 18
24128 2 170
24128 3 1415
24128 4 7177
24128 5 14601
24128 6 4845
24128 7 400
24128 8 45
24128 9 19
21134 1 11
21134 2 99
21134 3 318
21134 4 1209
21134 5 3750
21134 6 10665
21134 7 11299
21134 8 1253
21134 9 69
21134 10 17
5869 1 26
5869 2 56
5869 3 309
5869 4 3983
5869 5 12441
5869 6 9529
5869 7 2211
5869 8 116
5869 9 19
8455 1 12
8455 2 73
8455 3 733
8455 4 4615
8455 5 10399
8455 6 11311
8455 7 1438
8455 8 78
8455 9 14
8455 10 17
24804 1 18
24804 2 222
24804 3 1746
24804 4 9117
24804 5 13754
24804 6 3664
24804 7 150
24804 8 19
24756 1 20
24756 2 195
24756 3 887
24756 4 2815
24756 5 9666
24756 6 12586
24756 7 2353
24756 8 149
24756 9 19
9104 1 25
9104 2 159
9104 3 841
9104 4 5673
9104 5 14400
9104 6 7026
9104 7 502
9104 8 45
9104 9 19
14679 1 9
14679 2 216
14679 3 2096
14679 4 9201
14679 5 14081
14679 6 2962
14679 7 118
14679 8 7
20713 1 13
20713 2 143
20713 3 1295
20713 4 3579
20713 5 12022
20713 6 10534
20713 7 1020
20713 8 65
20713 9 19
17520 1 23
17520 2 262
17520 3 2337
17520 4 9146
17520 5 12312
17520 6 4122
17520 7 467
17520 8 21
17879 1 22
17879 2 407
17879 3 3434
17879 4 12077
17879 5 10260
17879 6 2358
17879 7 130
17879 8 2
6454 1 14
6454 2 268
6454 3 1913
6454 4 9017
6454 5 14221
6454 6 3080
6454 7 143
6454 8 17
6454 9 17
22579 1 12
22579 2 136
22579 3 939
22579 4 3793
22579 5 11852
22579 6 10686
22579 7 1162
22579 8 81
22579 9 12
22579 10 17
16588 1 35
16588 2 382
16588 3 3181
16588 4 9031
16588 5 13335
16588 6 2454
16588 7 244
16588 8 28
19215 1 16
19215 2 167
19215 3 1890
19215 4 7342
19215 5 14090
19215 6 4813
19215 7 363
19215 8 9
5451 1 6
5451 2 47
5451 3 361
5451 4 3512
5451 5 11343
5451 6 10417
5451 7 2800
5451 8 179
5451 9 25
6901 1 13
6901 2 114
6901 3 1083
6901 4 7705
6901 5 14149
6901 6 5239
6901 7 325
6901 8 62
19173 1 19
19173 2 226
19173 3 1770
19173 4 5361
19173 5 14256
19173 6 6513
19173 7 485
19173 8 43
19173 9 17
3172 1 8
3172 2 128
3172 3 1475
3172 4 9311
3172 5 13334
3172 6 4101
3172 7 285
3172 8 31
3172 9 17
15391 1 15
15391 2 118
15391 3 425
15391 4 1610
15391 5 5146
15391 6 12771
15391 7 8062
15391 8 509
15391 9 17
15391 10 17
6545 1 24
6545 2 135
6545 3 552
6545 4 3712
6545 5 12024
6545 6 9508
6545 7 2555
6545 8 160
6545 9 20
12402 1 13
12402 2 143
12402 3 1103
12402 4 3944
12402 5 12537
12402 6 9849
12402 7 985
12402 8 98
12402 9 18
3037 1 16
3037 2 360
3037 3 3129
3037 4 11833
3037 5 10402
3037 6 2719
3037 7 227
3037 8 4
28508 1 20
28508 2 394
28508 3 3557
28508 4 10112
28508 5 11130
28508 6 3167
28508 7 291
28508 8 19
20281 1 12
20281 2 215
20281 3 2168
20281 4 11203
20281 5 12995
20281 6 1973
20281 7 101
20281 8 23
18620 1 23
18620 2 201
18620 3 1863
18620 4 8565
18620 5 13824
18620 6 3947
18620 7 242
18620 8 25
9015 1 10
9015 2 277
9015 3 2495
9015 4 8768
9015 5 11951
9015 6 4633
9015 7 500
9015 8 39
9015 9 17
8873 1 17
8873 2 154
8873 3 1965
8873 4 7865
8873 5 12958
8873 6 5345
8873 7 359
8873 8 27
19355 1 13
19355 2 50
19355 3 6
19355 4 116
19355 5 1825
19355 6 7411
19355 7 15030
19355 8 4030
19355 9 175
19355 10 17
19355 11 17
16060 1 17
16060 2 198
16060 3 2236
16060 4 8948
16060 5 12139
16060 6 4739
16060 7 402
16060 8 11
20837 1 18
20837 2 267
20837 3 1430
20837 4 5538
20837 5 14517
20837 6 6516
20837 7 375
20837 8 29
6547 1 16
6547 2 139
6547 3 926
6547 4 4765
6547 5 14046
6547 6 7951
6547 7 775
6547 8 55
6547 9 17
28631 1 14
28631 2 212
28631 3 1922
28631 4 9521
28631 5 12130
28631 6 4534
28631 7 288
28631 8 52
28631 9 17
20132 1 10
20132 2 120
20132 3 879
20132 4 2134
20132 5 7540
20132 6 13886
20132 7 3773
20132 8 314
20132 9 17
20132 10 17
14028 1 12
14028 2 245
14028 3 2351
14028 4 9738
14028 5 13025
14028 6 3103
14028 7 197
14028 8 19
17007 1 16
17007 2 191
17007 3 1557
17007 4 7848
17007 5 14050
17007 6 4747
17007 7 257
17007 8 24
658 1 38
658 2 371
658 3 2178
658 4 7445
658 5 13920
658 6 4417
658 7 284
658 8 20
658 9 17
11850 1 14
11850 2 87
11850 3 504
11850 4 4313
11850 5 13194
11850 6 9493
11850 7 1005
11850 8 57
11850 9 23
18793 1 26
18793 2 231
18793 3 1200
18793 4 6651
18793 5 14694
18793 6 5464
18793 7 397
18793 8 27
2498 1 15
2498 2 87
2498 3 311
2498 4 2202
2498 5 10472
2498 6 12690
2498 7 2692
2498 8 195
2498 9 26
21092 1 11
21092 2 162
21092 3 1048
21092 4 5670
21092 5 15031
21092 6 6397
21092 7 346
21092 8 25
5710 1 14
5710 2 354
5710 3 2239
5710 4 8275
5710 5 14664
5710 6 2841
5710 7 274
5710 8 29
16697 1 19
16697 2 159
16697 3 1378
16697 4 4641
16697 5 12650
16697 6 8963
16697 7 809
16697 8 70
16697 9 1
13965 1 16
13965 2 212
13965 3 1893
13965 4 9330
13965 5 13003
13965 6 3968
13965 7 231
13965 8 37
25249 1 24
25249 2 201
25249 3 639
25249 4 3098
25249 5 8752
25249 6 12925
25249 7 2924
25249 8 110
25249 9 17
22157 1 11
22157 2 199
22157 3 1356
22157 4 6586
22157 5 13859
22157 6 5545
22157 7 1085
22157 8 49
7844 1 16
7844 2 96
7844 3 285
7844 4 2603
7844 5 11417
7844 6 11845
7844 7 2328
7844 8 99
7844 9 1
259 1 106
259 2 1473
259 3 8901
259 4 12264
259 5 5325
259 6 583
259 7 36
259 8 2
8423 1 19
8423 2 251
8423 3 1083
8423 4 7436
8423 5 14327
8423 6 4741
8423 7 783
8423 8 33
8423 9 17
10275 1 15
10275 2 118
10275 3 451
10275 4 3738
10275 5 13136
10275 6 9411
10275 7 1706
10275 8 107
10275 9 8
4170 1 24
4170 2 261
4170 3 1779
4170 4 7335
4170 5 14238
4170 6 4491
4170 7 532
4170 8 30
5420 1 8
5420 2 93
5420 3 1075
5420 4 6280
5420 5 12866
5420 6 6569
5420 7 1652
5420 8 128
5420 9 19
20285 1 9
20285 2 52
20285 3 61
20285 4 888
20285 5 3493
20285 6 11921
20285 7 10900
20285 8 1268
20285 9 64
20285 10 17
20285 11 17
7507 1 16
7507 2 70
7507 3 160
7507 4 1283
7507 5 5396
7507 6 11950
7507 7 8470
7507 8 1222
7507 9 104
7507 10 19
7872 1 23
7872 2 279
7872 3 3023
7872 4 9268
7872 5 12516
7872 6 3355
7872 7 196
7872 8 13
7872 9 17
12119 1 14
12119 2 316
12119 3 1930
12119 4 6265
12119 5 13116
12119 6 6513
12119 7 498
12119 8 21
12119 9 17
17521 1 27
17521 2 252
17521 3 1250
17521 4 3718
17521 5 11746
17521 6 10431
17521 7 1183
17521 8 66
17521 9 17
8396 1 13
8396 2 247
8396 3 2011
8396 4 8306
8396 5 14369
8396 6 3548
8396 7 161
8396 8 18
8396 9 17
25772 1 15
25772 2 261
25772 3 1976
25772 4 8907
25772 5 11333
25772 6 5222
25772 7 904
25772 8 70
25772 9 2
24628 1 23
24628 2 317
24628 3 3057
24628 4 10041
24628 5 12754
24628 6 2307
24628 7 160
24628 8 14
24628 9 17
23625 1 15
23625 2 175
23625 3 1629
23625 4 9875
23625 5 12713
23625 6 3935
23625 7 324
23625 8 24
16480 1 23
16480 2 207
16480 3 1846
16480 4 6033
16480 5 14467
16480 6 5705
16480 7 346
16480 8 44
16480 9 19
13433 1 10
13433 2 88
13433 3 1202
13433 4 6298
13433 5 14113
13433 6 6576
13433 7 358
13433 8 28
13433 9 17
4624 1 21
4624 2 175
4624 3 1079
4624 4 6143
4624 5 15005
4624 6 5610
4624 7 613
4624 8 27
4624 9 17
5043 1 36
5043 2 306
5043 3 3490
5043 4 14052
5043 5 9720
5043 6 1010
5043 7 70
5043 8 6
28423 1 21
28423 2 563
28423 3 4374
28423 4 13066
28423 5 9403
28423 6 1163
28423 7 82
28423 8 18
23161 1 9
23161 2 157
23161 3 1091
23161 4 6554
23161 5 14303
23161 6 6173
23161 7 336
23161 8 50
23161 9 17
10330 1 13
10330 2 129
10330 3 1732
10330 4 7645
10330 5 12147
10330 6 5987
10330 7 943
10330 8 92
10330 9 2
10094 1 21
10094 2 132
10094 3 1652
10094 4 10971
10094 5 12765
10094 6 2931
10094 7 186
10094 8 32
22405 1 7
22405 2 94
22405 3 1022
22405 4 7236
22405 5 14450
22405 6 5351
22405 7 464
22405 8 64
22405 9 2
7511 1 23
7511 2 570
7511 3 3484
7511 4 13114
7511 5 10368
7511 6 1059
7511 7 55
7511 8 17
20046 1 9
20046 2 130
20046 3 1014
20046 4 4576
20046 5 13779
20046 6 8380
20046 7 726
20046 8 53
20046 9 23
6599 1 22
6599 2 370
6599 3 3528
6599 4 9676
6599 5 10685
6599 6 3794
6599 7 599
6599 8 16
9507 1 19
9507 2 116
9507 3 1198
9507 4 6136
9507 5 13418
9507 6 6782
9507 7 945
9507 8 74
9507 9 2
23322 1 12
23322 2 207
23322 3 2098
23322 4 10009
23322 5 13906
23322 6 2302
23322 7 120
23322 8 19
23322 9 17
27194 1 15
27194 2 206
27194 3 1223
27194 4 6145
27194 5 14866
27194 6 5490
27194 7 714
27194 8 31
25544 1 18
25544 2 155
25544 3 1249
25544 4 7664
25544 5 13085
25544 6 5359
25544 7 1076
25544 8 66
25544 9 18
3604 1 5
3604 2 108
3604 3 1807
3604 4 9817
3604 5 13303
3604 6 3427
3604 7 198
3604 8 25
22839 1 8
22839 2 78
22839 3 132
22839 4 1706
22839 5 10535
22839 6 12992
22839 7 3091
22839 8 118
22839 9 13
22839 10 17
16034 1 24
16034 2 260
16034 3 1658
16034 4 7242
16034 5 13635
16034 6 5416
16034 7 427
16034 8 28
